"geneSet","motif","NES","AUC","TF_highConf","TF_lowConf","nEnrGenes","rankAtMax","enrichedGenes"
"DC_Gen3_Module","tfdimers__MD00195",6.93,0.172,"CDX2; FOXG1; FOXO1 (directAnnotation). ","",4,496,"F11R;LOC347376;MEFV;SNX10"
"DC_Gen3_Module","transfac_pro__M07308",6.51,0.162,"SOX2 (directAnnotation). ","NANOG; SMAD1; SOX4 (inferredBy_MotifSimilarity). NANOGP8 (inferredBy_MotifSimilarity_n_Orthology). ",4,496,"F11R;HIF1A;LOC440926;ZFP36L1"
"DC_Gen3_Module","swissregulon__sacCer__STB3",6.24,0.156,"","",3,343,"PHF20L1;RAB33B;ZFP36L1"
"DC_Gen3_Module","flyfactorsurvey__opa_SOLEXA_FBgn0003002",6.03,0.151,"ZIC1; ZIC2; ZIC3; ZIC4; ZIC5 (inferredBy_Orthology). ","GLIS1; GLIS2; GLIS3 (inferredBy_MotifSimilarity_n_Orthology). ",3,254,"F11R;HIF1A;ZFP36L1"
"DC_Gen3_Module","dbcorrdb__POLR2AphosphoS2__ENCSR000DYF_1__m9",6.02,0.151,"POLR2A (directAnnotation). ","",3,227,"HIF1A;LOC440926;SNX10"
"DC_Gen3_Module","elemento__GCGCGCC",5.72,0.144,"","",3,436,"HIF1A;LOC440926;ZFP36L1"
"DC_Gen3_Module","dbcorrdb__E2F6__ENCSR000EWJ_1__m2",5.53,0.139,"E2F6 (directAnnotation). ","EZH2; MAX; MXI1; MYC; USF2 (inferredBy_MotifSimilarity). ",3,275,"HIF1A;LOC440926;PHF20L1"
"DC_Gen3_Module","tiffin__TIFDMEM0000047",5.42,0.137,"","",3,343,"HIF1A;LRRK2;ZFP36L1"
"DC_Gen3_Module","transfac_pro__M00679",5.22,0.132,"NR2E1 (inferredBy_Orthology). ","",2,53,"HIF1A;ZFP36L1"
"DC_Gen3_Module","yetfasco__YOR344C_397",5.21,0.132,"","ARNT; MLX; MLXIPL; SREBF1; SREBF2; TFE3; TFEB; TFEC; USF1 (inferredBy_MotifSimilarity). ",3,496,"HIF1A;PHF20L1;TLR1"
"DC_Gen3_Module","predrem__nrMotif548",5.2,0.132,"","",2,53,"HIF1A;ZFP36L1"
"DC_Gen3_Module","tfdimers__MD00502",5.19,0.132,"PBX1; SOX9 (directAnnotation). ","",2,53,"LOC440926;ZFP36L1"
"DC_Gen3_Module","swissregulon__sacCer__MBP1",5.17,0.131,"","",2,53,"PHF20L1;ZFP36L1"
"DC_Gen3_Module","transfac_pro__M00936",5.15,0.131,"","XBP1 (inferredBy_MotifSimilarity). ",2,53,"PHF20L1;ZFP36L1"
"DC_Gen3_Module","transfac_pro__M01719",5.08,0.129,"OTX2 (directAnnotation). ","GSC; GSC2 (inferredBy_MotifSimilarity_n_Orthology). ",3,343,"LOC440926;RAB33B;SNX10"
"DC_Gen3_Module","transfac_pro__M05483",5.06,0.129,"ZBTB1 (directAnnotation). ","",3,407,"F11R;IDS;SNAP23"
"DC_Gen3_Module","transfac_pro__M07482",5.05,0.128,"CXXC1 (directAnnotation). ","",3,558,"HIF1A;LOC440926;ZFP36L1"
"DC_Gen3_Module","cisbp__M6401",5.03,0.128,"OTX2 (directAnnotation). ","CRX (inferredBy_MotifSimilarity). GSC; GSC2; OTX1 (inferredBy_MotifSimilarity_n_Orthology). ",2,86,"LOC440926;SNX10"
"DC_Gen3_Module","taipale__HNF4A_DBD_NRGTCCAAAGTCCANY_repr",5.01,0.128,"HNF4A (directAnnotation). ","HNF4G (inferredBy_MotifSimilarity). ",3,566,"F11R;IDS;LRRK2"
"DC_Gen3_Module","transfac_pro__M05305",5.01,0.127,"","",3,558,"HIF1A;PHF20L1;SNX10"
"DC_Gen3_Module","elemento__CGCGCTC",4.96,0.126,"","",3,401,"HIF1A;SNX10;ZFP36L1"
"DC_Gen3_Module","transfac_pro__M06165",4.96,0.126,"","",2,61,"F11R;ZFP36L1"
"DC_Gen3_Module","cisbp__M2533",4.96,0.126,"","",2,53,"LOC440926;ZFP36L1"
"DC_Gen3_Module","transfac_pro__M07582",4.96,0.126,"","",2,53,"LOC440926;ZFP36L1"
"DC_Gen3_Module","transfac_pro__M01515",4.95,0.126,"","",8,2763,"F11R;HIF1A;IDS;LOC440926;LRRK2;PHF20L1;TLR1;ZFP36L1"
"DC_Gen3_Module","c2h2_zfs__M2164",4.95,0.126,"","",2,53,"LOC440926;ZFP36L1"
"DC_Gen3_Module","transfac_pro__M07661",4.94,0.126,"TWIST1; TWIST2 (inferredBy_Orthology). ","",2,132,"HIF1A;LOC440926"
"DC_Gen3_Module","cisbp__M0589",4.89,0.125,"","",3,510,"PHF20L1;SNX10;ZFP36L1"
"DC_Gen3_Module","transfac_pro__M01700",4.86,0.124,"","",5,2108,"HIF1A;PHF20L1;SNAP23;TLR1;ZFP36L1"
"DC_Gen3_Module","transfac_pro__M00375",4.84,0.124,"","ATF3; USF1; USF2 (inferredBy_MotifSimilarity). ",2,59,"PHF20L1;ZFP36L1"
"DC_Gen3_Module","transfac_pro__M00946",4.84,0.124,"","ATF3; SREBF1; USF1 (inferredBy_MotifSimilarity). ",2,63,"PHF20L1;ZFP36L1"
"DC_Gen3_Module","tfdimers__MD00335",4.84,0.124,"FOXP3; NKX2-1 (directAnnotation). ","",2,96,"LOC440926;SNX10"
"DC_Gen3_Module","tfdimers__MD00495",4.83,0.123,"LEF1; TCF7; TCF7L1 (directAnnotation). ","",7,3867,"LOC347376;LOC440926;LRRK2;MEFV;PHF20L1;SNX10;ZFP36L1"
"DC_Gen3_Module","swissregulon__hs__FOXD3.p2",4.83,0.123,"FOXD3 (directAnnotation). ","FOXC2; FOXF1; FOXF2; FOXH1; FOXJ1; FOXJ2; FOXL1; FOXM1 (inferredBy_MotifSimilarity). FOXD1; FOXD2; FOXD4; FOXD4L1; FOXD4L3; FOXD4L4; FOXD4L5; FOXD4L6 (inferredBy_MotifSimilarity_n_Orthology). ",4,430,"LOC347376;MEFV;SNX10;ZFP36L1"
"DC_Gen3_Module","jaspar__MA0936.1",4.83,0.123,"","",2,132,"LOC440926;ZFP36L1"
"DC_Gen3_Module","transfac_pro__M09556",4.82,0.123,"","",2,98,"PHF20L1;ZFP36L1"
"DC_Gen3_Module","transfac_pro__M01021",4.8,0.123,"","",4,833,"LRRK2;PHF20L1;SNAP23;ZFP36L1"
"DC_Gen3_Module","transfac_pro__M09265",4.77,0.122,"","SRF (inferredBy_MotifSimilarity_n_Orthology). ",3,410,"F11R;FCGR3B;ZFP36L1"
"DC_Gen3_Module","predrem__nrMotif1033",4.77,0.122,"","",2,132,"HIF1A;ZFP36L1"
"DC_Gen3_Module","bergman__eve",4.74,0.121,"EVX1; EVX2 (inferredBy_Orthology). ","",2,132,"FCGR3B;ZFP36L1"
"DC_Gen3_Module","tfdimers__MD00121",4.74,0.121,"RARA; RARB; RARG; RXRA; RXRB; RXRG; SRY; THRA; THRB (directAnnotation). ","",2,132,"LOC440926;ZFP36L1"
"DC_Gen3_Module","transfac_pro__M09126",4.74,0.121,"","BCL11A; IRF4; PRDM1; SPI1; SPIB (inferredBy_MotifSimilarity). ",7,2763,"F11R;FCGR3B;HIF1A;PHF20L1;SNAP23;SNX10;ZFP36L1"
"DC_Gen3_Module","scertf__spivak.TYE7",4.72,0.121,"","ARNT; ARNTL; ATF3; BHLHE40; BHLHE41; MLX; MLXIPL; NFE2; SREBF1; SREBF2; TFE3; TFEB; TFEC; USF1; USF2 (inferredBy_MotifSimilarity). ARNTL2; HELT; MITF (inferredBy_MotifSimilarity_n_Orthology). ",3,370,"HIF1A;PHF20L1;TLR1"
"DC_Gen3_Module","predrem__nrMotif1640",4.72,0.121,"","",2,132,"SNAP23;ZFP36L1"
"DC_Gen3_Module","transfac_pro__M00944",4.68,0.12,"","",2,82,"PHF20L1;ZFP36L1"
"DC_Gen3_Module","swissregulon__hs__ZBTB16.p2",4.68,0.12,"ZBTB16 (directAnnotation). ","",2,81,"SNX10;ZFP36L1"
"DC_Gen3_Module","transfac_public__M00091",4.67,0.12,"","",2,88,"LOC440926;ZFP36L1"
"DC_Gen3_Module","cisbp__M0363",4.67,0.12,"","ATF6; ATF6B; CREB3; CREB3L1; CREB3L2; CREB3L4; XBP1 (inferredBy_MotifSimilarity). ",2,86,"PHF20L1;ZFP36L1"
"DC_Gen3_Module","taipale_cyt_meth__NKX2-5_NTCGTTGAN_FL_meth",4.66,0.119,"NKX2-5 (directAnnotation). ","NKX2-3; NKX2-8 (inferredBy_MotifSimilarity). ",3,607,"SNAP23;SNX10;ZFP36L1"
"DC_Gen3_Module","transfac_pro__M00370",4.64,0.119,"","CREB3L1; USF1; USF2 (inferredBy_MotifSimilarity). CREB3L2 (inferredBy_MotifSimilarity_n_Orthology). ",2,91,"PHF20L1;ZFP36L1"
"DC_Gen3_Module","dbcorrdb__EZH2__ENCSR000ASW_1__m4",4.63,0.119,"EZH2 (directAnnotation). ","BRF1; CTCF; ESRRA; GABPA; MXI1; RAD21; SMARCA4; SP2; SREBF1; SREBF2; XRCC4 (inferredBy_MotifSimilarity). ",2,88,"HIF1A;ZFP36L1"
"DC_Gen3_Module","cisbp__M3298",4.62,0.118,"FOXL1 (directAnnotation). ","",2,99,"LOC440926;SNX10"
"DC_Gen3_Module","dbcorrdb__ZNF274__ENCSR000EVG_1__m3",4.58,0.118,"ZNF274 (directAnnotation). ","BCLAF1; BHLHE40; BRF1; BRF2; CEBPB; CHD2; CREB1; CTCF; E2F1; E2F4; E2F6; EGR1; ELF1; ELK4; ESRRA; ETS1; EZH2; FOXP2; GABPA; HCFC1; HDAC2; HIC1; HMGN3; JUND; MAX; MAZ; MXI1; MYC; NELFE; NR2C2; NRF1; PHF8; POLR2A; POLR3G; RAD21; RBBP5; SIN3A; SMARCA4; SP1; SP2; SP3; SP4; SREBF1; SREBF2; SUPT20H; TAF1; TFAP2A; TFAP2B; TFAP2C; TRIM28; UBTF; XRCC4; ZEB1; ZFX; ZMIZ1; ZNF143 (inferredBy_MotifSimilarity). ZFY (inferredBy_MotifSimilarity_n_Orthology). ",2,99,"HIF1A;ZFP36L1"
"DC_Gen3_Module","cisbp__M1407",4.57,0.117,"","",2,104,"LOC440926;ZFP36L1"
"DC_Gen3_Module","transfac_pro__M00367",4.57,0.117,"","ATF6B; CREB3; CREB3L1; CREB3L4; USF1; USF2 (inferredBy_MotifSimilarity). ATF6; CLOCK; CREB3L2 (inferredBy_MotifSimilarity_n_Orthology). ",2,132,"PHF20L1;ZFP36L1"
"DC_Gen3_Module","transfac_pro__M00376",4.56,0.117,"","",2,88,"PHF20L1;ZFP36L1"
"DC_Gen3_Module","cisbp__M0601",4.56,0.117,"","",3,496,"HIF1A;PHF20L1;ZFP36L1"
"DC_Gen3_Module","taipale_cyt_meth__SREBF1_RTCAGGTGAY_eDBD_meth",4.55,0.117,"SREBF1 (directAnnotation). ","SREBF2 (inferredBy_MotifSimilarity). ",4,1144,"HIF1A;IDS;PHF20L1;TLR1"
"DC_Gen3_Module","hocomoco__BPTF_HUMAN.H11MO.0.D",4.55,0.117,"BPTF (directAnnotation). ","",2,139,"SNX10;ZFP36L1"
"DC_Gen3_Module","cisbp__M2148",4.54,0.117,"","",8,2763,"F11R;HIF1A;IDS;LOC440926;LRRK2;PHF20L1;TLR1;ZFP36L1"
"DC_Gen3_Module","cisbp__M5099",4.53,0.116,"SMAD1; SMAD5; SMAD9 (inferredBy_Orthology). ","",2,132,"PHF20L1;ZFP36L1"
"DC_Gen3_Module","transfac_pro__M00369",4.52,0.116,"","ARNT; ARNT2; ATF6B; BHLHE40; CREB3; CREB3L1; CREB3L4; MAX; MYC; USF1; USF2 (inferredBy_MotifSimilarity). ATF6; CREB3L2 (inferredBy_MotifSimilarity_n_Orthology). ",2,132,"PHF20L1;ZFP36L1"
"DC_Gen3_Module","cisbp__M6163",4.51,0.116,"BPTF (directAnnotation). ","",2,157,"SNX10;ZFP36L1"
"DC_Gen3_Module","transfac_public__M00274",4.51,0.116,"","",2,132,"SNX10;ZFP36L1"
"DC_Gen3_Module","flyfactorsurvey__Mad_FlyReg_FBgn0011648",4.5,0.116,"SMAD1; SMAD5; SMAD9 (inferredBy_Orthology). ","",2,132,"PHF20L1;ZFP36L1"
"DC_Gen3_Module","flyfactorsurvey__HLH106_SANGER_10_FBgn0015234",4.5,0.116,"SREBF1; SREBF2 (inferredBy_Orthology). ","BHLHE41; TFE3; TFEB; TFEC; USF1 (inferredBy_MotifSimilarity). BHLHE40 (inferredBy_MotifSimilarity_n_Orthology). ",2,132,"PHF20L1;ZFP36L1"
"DC_Gen3_Module","cisbp__M2596",4.5,0.116,"","",2,132,"LRRK2;ZFP36L1"
"DC_Gen3_Module","flyfactorsurvey__lmd_SOLEXA_5_FBgn0039039",4.49,0.115,"GLIS1; GLIS3 (inferredBy_Orthology). ","GLIS2 (inferredBy_MotifSimilarity). ZIC1; ZIC2; ZIC3; ZIC4; ZIC5 (inferredBy_MotifSimilarity_n_Orthology). ",3,496,"F11R;HIF1A;ZFP36L1"
"DC_Gen3_Module","transfac_pro__M09127",4.49,0.115,"","CEBPZ; CPEB1; IRF3; IRF4; MAFK; PRDM1; RAD21; SMARCA4; SPI1; SREBF2 (inferredBy_MotifSimilarity). ",2,146,"SNAP23;ZFP36L1"
"DC_Gen3_Module","transfac_pro__M02911",4.47,0.115,"","",2,134,"LOC440926;ZFP36L1"
"DC_Gen3_Module","transfac_pro__M06010",4.46,0.115,"ZNF701 (directAnnotation). ","",2,132,"HIF1A;LOC347376"
"DC_Gen3_Module","hdpi__GTPBP6",4.45,0.115,"GTPBP6 (directAnnotation). ","",2,166,"HIF1A;ZFP36L1"
"DC_Gen3_Module","transfac_pro__M02104",4.45,0.115,"MAFK; NFE2 (directAnnotation). ","BACH1; BACH2; MAF; MAFB; MAFF; MAFG; NFE2L1; NFE2L2; NFE2L3 (inferredBy_MotifSimilarity). ",2,135,"IDS;SNX10"
"DC_Gen3_Module","cisbp__M5080",4.45,0.115,"GLIS1; GLIS3 (inferredBy_Orthology). ","GLIS2 (inferredBy_MotifSimilarity). ZIC1; ZIC2; ZIC3; ZIC4; ZIC5 (inferredBy_MotifSimilarity_n_Orthology). ",3,441,"F11R;HIF1A;ZFP36L1"
"DC_Gen3_Module","transfac_pro__M03849",4.44,0.114,"SOX4 (directAnnotation). ","",9,4994,"CD46;F11R;IDS;LOC440926;PHF20L1;SNAP23;SNX10;TLR1;ZFP36L1"
"DC_Gen3_Module","jaspar__MA0343.1",4.44,0.114,"","",6,1308,"F11R;HIF1A;IDS;LOC440926;PHF20L1;ZFP36L1"
"DC_Gen3_Module","yetfasco__YDR169C_2233",4.43,0.114,"","",2,132,"HIF1A;PHF20L1"
"DC_Gen3_Module","transfac_pro__M00801",4.42,0.114,"ATF1; ATF2; ATF3; ATF4; ATF7; CREB1; CREM (directAnnotation). ","",2,134,"PHF20L1;ZFP36L1"
"DC_Gen3_Module","cisbp__M5524",4.41,0.114,"HNF4A (directAnnotation). ","HNF4G (inferredBy_MotifSimilarity). ",2,132,"F11R;LRRK2"
"DC_Gen3_Module","tfdimers__MD00174",4.4,0.113,"PDX1; STAT6 (directAnnotation). ","",3,618,"F11R;SNAP23;ZFP36L1"
"DC_Gen3_Module","dbcorrdb__NANOG__ENCSR000BMT_1__m1",4.38,0.113,"NANOG (directAnnotation). ","BCL11A; EP300; LEF1; POU5F1; SMAD1; SOX2; TCF12; TCF7L1 (inferredBy_MotifSimilarity). NANOGP8; POU5F1B; SOX3 (inferredBy_MotifSimilarity_n_Orthology). ",2,166,"LOC440926;ZFP36L1"
"DC_Gen3_Module","transfac_pro__M09125",4.38,0.113,"","CEBPZ; CPEB1; IRF3; MAFK; RAD21; SMARCA4; SREBF2 (inferredBy_MotifSimilarity). ",2,157,"SNAP23;ZFP36L1"
"DC_Gen3_Module","dbcorrdb__POLR2A__ENCSR000AOJ_1__m4",4.38,0.113,"POLR2A (directAnnotation). ","",2,132,"LOC440926;ZFP36L1"
"DC_Gen3_Module","transfac_pro__M04935",4.37,0.113,"SP1 (directAnnotation). ","",4,1144,"F11R;HIF1A;SNX10;ZFP36L1"
"DC_Gen3_Module","cisbp__M6321",4.36,0.113,"KLF15 (directAnnotation). ","",3,407,"F11R;HIF1A;ZFP36L1"
"DC_Gen3_Module","flyfactorsurvey__hb_NAR_FBgn0001180",4.36,0.113,"ZNF513 (inferredBy_Orthology). ","ZNF362; ZNF384 (inferredBy_MotifSimilarity_n_Orthology). ",2,201,"SNX10;ZFP36L1"
"DC_Gen3_Module","elemento__CGAGCGC",4.36,0.113,"","",2,170,"SNX10;ZFP36L1"
"DC_Gen3_Module","factorbook__PRDM1",4.36,0.113,"IRF1; PRDM1 (directAnnotation). ","IRF2; IRF3; IRF4; IRF5; IRF6; IRF7; IRF8; IRF9 (inferredBy_MotifSimilarity). ",2,132,"LOC347376;ZFP36L1"
"DC_Gen3_Module","predrem__nrMotif847",4.35,0.112,"","",2,139,"SNX10;ZFP36L1"
"DC_Gen3_Module","yetfasco__YDR034C_133",4.35,0.112,"","",2,201,"LRRK2;TLR1"
"DC_Gen3_Module","taipale_cyt_meth__SREBF1_NTCACGTGAN_eDBD",4.35,0.112,"SREBF1 (directAnnotation). ","ARNT; ARNTL; ATF3; BHLHE40; BHLHE41; MLX; MLXIPL; NFE2; SREBF2; TFE3; TFEB; TFEC; USF1; USF2 (inferredBy_MotifSimilarity). ARNTL2; HELT; MITF (inferredBy_MotifSimilarity_n_Orthology). ",2,146,"PHF20L1;ZFP36L1"
"DC_Gen3_Module","transfac_pro__M00371",4.34,0.112,"","ATF3; CREB3L1; USF1; USF2 (inferredBy_MotifSimilarity). ARNTL; ARNTL2; CREB3L2 (inferredBy_MotifSimilarity_n_Orthology). ",2,134,"PHF20L1;ZFP36L1"
"DC_Gen3_Module","cisbp__M2307",4.34,0.112,"PRDM1 (directAnnotation). ","IRF1; IRF2; IRF3; IRF4; IRF5; IRF6; IRF7; IRF8; IRF9 (inferredBy_MotifSimilarity). ",2,167,"LOC347376;ZFP36L1"
"DC_Gen3_Module","predrem__nrMotif1334",4.32,0.112,"","",2,156,"F11R;ZFP36L1"
"DC_Gen3_Module","jaspar__MA0508.1",4.32,0.112,"PRDM1 (directAnnotation). ","IRF1; IRF2; IRF3; IRF4; IRF5; IRF6; IRF7; IRF8; IRF9 (inferredBy_MotifSimilarity). ",2,170,"LOC347376;ZFP36L1"
"DC_Gen3_Module","taipale_tf_pairs__MYCL2_SCACGTGS_HT",4.31,0.112,"MYCLP1 (directAnnotation). ","",2,166,"HIF1A;ZFP36L1"
"DC_Gen3_Module","taipale__SPI1_full_AAAAAGCGGAAGTN_repr",4.31,0.112,"SPI1 (directAnnotation). ","ELF2; SPIB; SPIC (inferredBy_MotifSimilarity). ETV6; ETV7 (inferredBy_MotifSimilarity_n_Orthology). ",2,146,"PHF20L1;SNX10"
"DC_Gen3_Module","transfac_pro__M03886",4.31,0.111,"SOX2 (directAnnotation). ","SMAD1 (inferredBy_MotifSimilarity). ",7,3867,"CD46;F11R;HIF1A;LOC347376;LOC440926;TLR1;ZFP36L1"
"DC_Gen3_Module","cisbp__M0019",4.29,0.111,"","",2,219,"HIF1A;PHF20L1"
"DC_Gen3_Module","transfac_pro__M05808",4.29,0.111,"ZNF574 (directAnnotation). ","",3,436,"F11R;PHF20L1;TLR1"
"DC_Gen3_Module","cisbp__M4545",4.29,0.111,"PRDM1 (directAnnotation). ","IRF1; IRF2; IRF3; IRF4; IRF5; IRF6; IRF7; IRF8; IRF9 (inferredBy_MotifSimilarity). ",2,146,"LOC347376;ZFP36L1"
"DC_Gen3_Module","predrem__nrMotif650",4.28,0.111,"","",2,219,"SNX10;ZFP36L1"
"DC_Gen3_Module","transfac_pro__M01998",4.26,0.11,"","",2,139,"F11R;ZFP36L1"
"DC_Gen3_Module","cisbp__M5863",4.25,0.11,"SPI1 (directAnnotation). ","ELF2; SPIB; SPIC (inferredBy_MotifSimilarity). ETV6; ETV7 (inferredBy_MotifSimilarity_n_Orthology). ",4,1568,"FCGR3B;PHF20L1;SNAP23;SNX10"
"DC_Gen3_Module","transfac_pro__M01550",4.25,0.11,"","",8,4938,"FCGR3B;HIF1A;MEFV;PHF20L1;RAB33B;SNX10;TLR1;ZFP36L1"
"DC_Gen3_Module","transfac_public__M00269",4.25,0.11,"","FOXC2; FOXD1; FOXD2; FOXO1; FOXO3; TCF12 (inferredBy_MotifSimilarity). FOXA1; FOXJ1; FOXJ2; FOXJ3 (inferredBy_MotifSimilarity_n_Orthology). ",3,496,"LOC440926;SNX10;ZFP36L1"
"DC_Gen3_Module","scertf__harbison.SUT1",4.24,0.11,"","BRF1; ESRRA; EZH2; MXI1; POLR2A; SMARCA4; SREBF1; XRCC4; ZMIZ1; ZNF274 (inferredBy_MotifSimilarity). ",2,132,"HIF1A;ZFP36L1"
"DC_Gen3_Module","taipale_cyt_meth__NKX2-8_NTCGTTSAN_FL_meth_repr",4.23,0.11,"NKX2-8 (directAnnotation). ","NKX2-5 (inferredBy_MotifSimilarity). ",2,214,"SNX10;ZFP36L1"
"DC_Gen3_Module","cisbp__M0575",4.22,0.109,"","",2,201,"SNX10;ZFP36L1"
"DC_Gen3_Module","stark__TCAWTTAAMT",4.21,0.109,"EVX1; EVX2 (inferredBy_Orthology). ","",2,254,"FCGR3B;ZFP36L1"
"DC_Gen3_Module","transfac_pro__M07310",4.21,0.109,"SP5 (directAnnotation). ","",2,146,"HIF1A;ZFP36L1"
"DC_Gen3_Module","stark__AAAATGCA",4.21,0.109,"","",3,717,"PHF20L1;SNX10;ZFP36L1"
"DC_Gen3_Module","dbcorrdb__BRF2__ENCSR000DNV_1__m2",4.21,0.109,"BRF2 (directAnnotation). ","BRF1; CEBPB; CREB1; CTCF; CUX1; E2F6; EGR1; EGR2; EGR3; EGR4; ELK1; ESRRA; EZH2; FOS; GABPA; HDAC2; HIC1; IRF1; KAT2A; KLF16; KLF3; KLF5; MAX; MAZ; MXI1; MYC; NELFE; NFYB; NR2C2; PBX3; POLR2A; POLR3G; RAD21; RBBP5; RCOR1; REST; SMARCA4; SP1; SP2; SP3; SP4; SREBF1; SREBF2; SUPT20H; TBX15; WRNIP1; WT1; XRCC4; ZBTB7A; ZBTB7B; ZC3H11A; ZFX; ZMIZ1; ZNF263; ZNF274; ZNF460 (inferredBy_MotifSimilarity). ZBTB17; ZFY; ZNF16; ZNF189; ZNF23; ZNF429; ZNF471; ZNF502; ZNF607; ZNF84 (inferredBy_MotifSimilarity_n_Orthology). ",2,132,"HIF1A;ZFP36L1"
"DC_Gen3_Module","hocomoco__XBP1_MOUSE.H11MO.0.C",4.2,0.109,"XBP1 (inferredBy_Orthology). ","",2,227,"FCGR3B;ZFP36L1"
"DC_Gen3_Module","transfac_pro__M09583",4.2,0.109,"","",5,1948,"HIF1A;MEFV;PHF20L1;RAB33B;ZFP36L1"
"DC_Gen3_Module","taipale_cyt_meth__YBX1_YGTWCCAYC_eDBD_meth",4.2,0.109,"YBX1 (directAnnotation). ","",2,201,"LRRK2;RAB33B"
"DC_Gen3_Module","dbcorrdb__STAT1__ENCSR000DZM_1__m4",4.19,0.109,"STAT1 (directAnnotation). ","",2,201,"HIF1A;ZFP36L1"
"DC_Gen3_Module","transfac_pro__M02917",4.19,0.109,"SRY (inferredBy_Orthology). ","SOX21 (inferredBy_MotifSimilarity_n_Orthology). ",4,980,"F11R;HIF1A;LOC440926;ZFP36L1"
"DC_Gen3_Module","transfac_pro__M01665",4.18,0.109,"IRF8 (directAnnotation). ","",2,201,"F11R;ZFP36L1"
"DC_Gen3_Module","fantom__motif41_TSACAA",4.18,0.108,"","",3,496,"MEFV;PHF20L1;ZFP36L1"
"DC_Gen3_Module","elemento__CCGCCTC",4.18,0.108,"","",2,222,"HIF1A;PHF20L1"
"DC_Gen3_Module","transfac_pro__M00945",4.18,0.108,"","ATF3; MAX; MYC; SREBF1; USF1; USF2 (inferredBy_MotifSimilarity). SREBF2 (inferredBy_MotifSimilarity_n_Orthology). ",2,156,"PHF20L1;ZFP36L1"
"DC_Gen3_Module","tiffin__TIFDMEM0000061",4.18,0.108,"","",5,1948,"CD46;F11R;PHF20L1;SNX10;ZFP36L1"
"DC_Gen3_Module","elemento__CGGCCCG",4.16,0.108,"","",3,603,"HIF1A;PHF20L1;ZFP36L1"
"DC_Gen3_Module","dbcorrdb__TAF7__ENCSR000BNM_1__m7",4.16,0.108,"TAF7 (directAnnotation). ","",2,201,"LOC440926;ZFP36L1"
"DC_Gen3_Module","transfac_pro__M04720",4.15,0.108,"BHLHE40 (directAnnotation). ","ARNT; ARNT2; ARNTL; ATF3; BHLHE41; CLOCK; MITF; MLX; NFE2; SREBF1; SREBF2; TFE3; TFEB; USF2 (inferredBy_MotifSimilarity). ARNTL2; HELT (inferredBy_MotifSimilarity_n_Orthology). ",2,156,"HIF1A;PHF20L1"
"DC_Gen3_Module","transfac_pro__M00943",4.14,0.107,"","ARNT; ARNT2; ATF6B; BHLHE40; CREB3L1; CREB3L4; MAX; MYC; USF1; USF2 (inferredBy_MotifSimilarity). ATF6; CREB3L2 (inferredBy_MotifSimilarity_n_Orthology). ",2,175,"PHF20L1;ZFP36L1"
"DC_Gen3_Module","taipale__Spic_DBD_AAAAAGMGGAAGTA",4.13,0.107,"SPIC (inferredBy_Orthology). ","SPI1; SPIB (inferredBy_MotifSimilarity). ETV6; ETV7 (inferredBy_MotifSimilarity_n_Orthology). ",5,2108,"FCGR3B;LRRK2;PHF20L1;SNAP23;SNX10"
"DC_Gen3_Module","hocomoco__PRDM1_HUMAN.H11MO.0.A",4.12,0.107,"PRDM1 (directAnnotation). ","FOXM1; IRF1; IRF2; IRF3; IRF4; IRF5; IRF6; IRF7; IRF8; IRF9; RELA (inferredBy_MotifSimilarity). ",2,214,"LOC347376;ZFP36L1"
"DC_Gen3_Module","transfac_pro__M08895",4.11,0.107,"PITX1; PITX2; PITX3 (directAnnotation). ","",9,4879,"F11R;HIF1A;LOC440926;LRRK2;PHF20L1;RAB33B;SNAP23;SNX10;TLR1"
"DC_Gen3_Module","dbcorrdb__EZH2__ENCSR000ATA_1__m4",4.09,0.106,"EZH2 (directAnnotation). ","",2,235,"HIF1A;ZFP36L1"
"DC_Gen3_Module","transfac_pro__M09133",4.09,0.106,"","CEBPZ; CPEB1; MAFK; RAD21; SMARCA4; SREBF2 (inferredBy_MotifSimilarity). ",2,201,"SNAP23;ZFP36L1"
"DC_Gen3_Module","cisbp__M5500",4.08,0.106,"GSC (directAnnotation). ","CRX; DMBX1; DPRX; GSC2; OTX2; PITX2; PITX3 (inferredBy_MotifSimilarity). PITX1 (inferredBy_MotifSimilarity_n_Orthology). ",3,343,"PHF20L1;RAB33B;TLR1"
"DC_Gen3_Module","transfac_pro__M09123",4.07,0.106,"","",2,275,"SNAP23;ZFP36L1"
"DC_Gen3_Module","transfac_public__M00130",4.07,0.106,"FOXD3 (directAnnotation). ","FOXF1; FOXF2; FOXH1; FOXJ1; FOXJ2 (inferredBy_MotifSimilarity). ",2,214,"SNX10;ZFP36L1"
"DC_Gen3_Module","tiffin__TIFDMEM0000091",4.07,0.106,"","",2,201,"HIF1A;SNX10"
"DC_Gen3_Module","swissregulon__sacCer__ROX1",4.07,0.106,"","SOX10; SOX13; SOX3; SOX8; SOX9 (inferredBy_MotifSimilarity). SOX14; SOX21 (inferredBy_MotifSimilarity_n_Orthology). ",2,258,"F11R;LOC440926"
"DC_Gen3_Module","cisbp__M0297",4.06,0.106,"CREB1 (inferredBy_Orthology). ","ATF1; ATF2; ATF3; ATF4; ATF5; ATF6; ATF7; CREM; E4F1; FOSL1 (inferredBy_MotifSimilarity). JDP2 (inferredBy_MotifSimilarity_n_Orthology). ",2,201,"PHF20L1;ZFP36L1"
"DC_Gen3_Module","tfdimers__MD00202",4.06,0.106,"TAF7; TBP (directAnnotation). ","",6,2763,"HIF1A;PHF20L1;RAB33B;SNX10;TLR1;ZFP36L1"
"DC_Gen3_Module","transfac_public__M00471",4.06,0.106,"TBP (directAnnotation). ","",2,275,"SNX10;ZFP36L1"
"DC_Gen3_Module","elemento__GCCTCCC",4.05,0.105,"","",2,255,"F11R;SNX10"
"DC_Gen3_Module","transfac_pro__M05823",4.04,0.105,"ZNF554 (directAnnotation). ","",3,498,"FCGR3B;IDS;PHF20L1"
"DC_Gen3_Module","swissregulon__hs__TFDP1.p2",4.04,0.105,"TFDP1 (directAnnotation). ","",6,3151,"F11R;HIF1A;LOC440926;PHF20L1;SNAP23;ZFP36L1"
"DC_Gen3_Module","predrem__nrMotif1327",4.03,0.105,"","",4,568,"HIF1A;PHF20L1;SNX10;TLR1"
"DC_Gen3_Module","transfac_pro__M01097",4.03,0.105,"CDX1; CDX2; CDX4 (inferredBy_Orthology). ","",2,214,"LOC440926;ZFP36L1"
"DC_Gen3_Module","cisbp__M6096",4.03,0.105,"SPIC (inferredBy_Orthology). ","SPI1; SPIB (inferredBy_MotifSimilarity). ETV6; ETV7 (inferredBy_MotifSimilarity_n_Orthology). ",5,2108,"FCGR3B;LRRK2;PHF20L1;SNAP23;SNX10"
"DC_Gen3_Module","cisbp__M2567",4.02,0.105,"HSF1; HSF2; HSF4 (inferredBy_Orthology). ","",2,237,"MEFV;SNAP23"
"DC_Gen3_Module","cisbp__M4014",4.02,0.105,"TBP (directAnnotation). ","",2,275,"SNX10;ZFP36L1"
"DC_Gen3_Module","hocomoco__SOX2_HUMAN.H11MO.1.A",4.02,0.105,"SOX2 (directAnnotation). ","BCL11A; EP300; LEF1; NANOG; POU5F1; SMAD1; TCF7L1 (inferredBy_MotifSimilarity). NANOGP8; POU5F1B; SOX3 (inferredBy_MotifSimilarity_n_Orthology). ",2,214,"LOC440926;ZFP36L1"
"DC_Gen3_Module","swissregulon__hs__XBP1.p3",4.02,0.105,"XBP1 (directAnnotation). ","",2,278,"FCGR3B;ZFP36L1"
"DC_Gen3_Module","dbcorrdb__ATF3__ENCSR000BPS_1__m3",4.02,0.105,"ATF3 (directAnnotation). ","",5,2763,"HIF1A;LOC440926;PHF20L1;SNX10;TLR1"
"DC_Gen3_Module","predrem__nrMotif245",4.02,0.105,"","",3,496,"HIF1A;LOC347376;ZFP36L1"
"DC_Gen3_Module","transfac_public__M00293",4.01,0.105,"FOXL1 (directAnnotation). ","",4,1586,"F11R;LOC347376;LOC440926;SNX10"
"DC_Gen3_Module","transfac_pro__M09535",4.01,0.104,"","ATF6; CREB3L1; XBP1 (inferredBy_MotifSimilarity). ATF6B; CREB3L2 (inferredBy_MotifSimilarity_n_Orthology). ",3,502,"HIF1A;LRRK2;ZFP36L1"
"DC_Gen3_Module","transfac_pro__M04647",4,0.104,"FOXR1 (directAnnotation). ","",2,258,"LOC440926;SNX10"
"DC_Gen3_Module","taipale_cyt_meth__SREBF2_ATCAGGTGAY_eDBD_meth",3.99,0.104,"SREBF2 (directAnnotation). ","SREBF1 (inferredBy_MotifSimilarity). ",2,214,"PHF20L1;TLR1"
"DC_Gen3_Module","transfac_public__M00422",3.99,0.104,"FOXJ2 (directAnnotation). ","FOXA1; FOXA2; FOXC2; FOXD3; FOXF1; FOXF2; FOXH1; FOXJ1; FOXJ3; FOXL1; FOXM1 (inferredBy_MotifSimilarity). FOXD1; FOXD2; FOXD4; FOXD4L1; FOXD4L3; FOXD4L4; FOXD4L5; FOXD4L6 (inferredBy_MotifSimilarity_n_Orthology). ",7,3131,"CD46;F11R;LOC347376;LOC440926;MEFV;SNX10;ZFP36L1"
"DC_Gen3_Module","flyfactorsurvey__jim_SANGER_2.5_FBgn0027339",3.99,0.104,"ZNF229; ZNF319 (inferredBy_Orthology). ","",4,1671,"F11R;SNAP23;SNX10;ZFP36L1"
"DC_Gen3_Module","dbcorrdb__BCL3__ENCSR000BQH_1__m1",3.99,0.104,"BCL3 (directAnnotation). ","EP300; FOXA1; FOXA2; HDAC2; MYBL2; NFIC; TCF12 (inferredBy_MotifSimilarity). ",2,222,"LOC440926;PHF20L1"
"DC_Gen3_Module","idmmpmm__hb",3.99,0.104,"ZNF513 (inferredBy_Orthology). ","ZNF362; ZNF384 (inferredBy_MotifSimilarity_n_Orthology). ",2,275,"SNX10;ZFP36L1"
"DC_Gen3_Module","dbcorrdb__HDAC2__ENCSR000BMC_1__m1",3.99,0.104,"HDAC2 (directAnnotation). ","ARID3A; BCL3; EP300; FOXA1; FOXA2; FOXA3; FOXD1; FOXF2; FOXM1; GATA3; MBD4; MYBL2; NFIC; TCF12 (inferredBy_MotifSimilarity). FOXC2 (inferredBy_MotifSimilarity_n_Orthology). ",2,201,"LOC440926;PHF20L1"
"DC_Gen3_Module","transfac_pro__M07942",3.97,0.104,"ZNF362; ZNF384 (inferredBy_Orthology). ","",2,258,"SNX10;ZFP36L1"
"DC_Gen3_Module","scertf__zhu.STP2",3.97,0.104,"","",2,201,"HIF1A;ZFP36L1"
"DC_Gen3_Module","cisbp__M6536",3.97,0.104,"XBP1 (directAnnotation). ","",2,286,"FCGR3B;ZFP36L1"
"DC_Gen3_Module","transfac_public__M00220",3.96,0.103,"SREBF1 (directAnnotation). ","ARNT; ATF3; BHLHE40; BHLHE41; MLX; MLXIPL; NFE2; SREBF2; TFE3; TFEB; TFEC; USF1; USF2 (inferredBy_MotifSimilarity). ",4,833,"HIF1A;IDS;PHF20L1;TLR1"
"DC_Gen3_Module","transfac_pro__M06542",3.96,0.103,"ZNF502 (directAnnotation). ","",3,422,"F11R;HIF1A;PHF20L1"
"DC_Gen3_Module","predrem__nrMotif2383",3.96,0.103,"","",3,558,"LOC440926;PHF20L1;ZFP36L1"
"DC_Gen3_Module","cisbp__M6251",3.95,0.103,"FUBP1 (directAnnotation). ","",7,4535,"F11R;IDS;LOC440926;MEFV;SNAP23;SNX10;ZFP36L1"
"DC_Gen3_Module","transfac_pro__M05056",3.95,0.103,"","",2,258,"SNX10;ZFP36L1"
"DC_Gen3_Module","jaspar__MA0041.1",3.94,0.103,"","FOXD3; FOXF1; FOXF2; FOXH1; FOXJ1; FOXJ2 (inferredBy_MotifSimilarity). ",9,4964,"F11R;IDS;LOC347376;LRRK2;MEFV;PHF20L1;SNX10;TLR1;ZFP36L1"
"DC_Gen3_Module","predrem__nrMotif1932",3.94,0.103,"","",2,223,"HIF1A;IDS"
"DC_Gen3_Module","transfac_pro__M02834",3.94,0.103,"ZNF740 (inferredBy_Orthology). ","REST; ZNF460 (inferredBy_MotifSimilarity). ",2,173,"HIF1A;ZFP36L1"
"DC_Gen3_Module","transfac_pro__M05921",3.94,0.103,"ZFP14 (directAnnotation). ","",6,3453,"F11R;HIF1A;MEFV;PHF20L1;RAB33B;TLR1"
"DC_Gen3_Module","hdpi__GRHL1",3.93,0.103,"GRHL1 (directAnnotation). ","",3,603,"HIF1A;PHF20L1;ZFP36L1"
"DC_Gen3_Module","hocomoco__FUBP1_HUMAN.H11MO.0.D",3.93,0.103,"FUBP1 (directAnnotation). ","",7,4004,"F11R;IDS;LOC440926;MEFV;SNAP23;SNX10;ZFP36L1"
"DC_Gen3_Module","swissregulon__sacCer__STP2",3.93,0.103,"","",2,201,"HIF1A;ZFP36L1"
"DC_Gen3_Module","cisbp__M4905",3.93,0.103,"TCF12; TCF3; TCF4 (inferredBy_Orthology). ","MSC (inferredBy_MotifSimilarity_n_Orthology). ",8,4999,"CD46;F11R;FCGR3B;IDS;PHF20L1;SNAP23;SNX10;TLR1"
"DC_Gen3_Module","cisbp__M1409",3.93,0.103,"","",2,170,"LOC440926;ZFP36L1"
"DC_Gen3_Module","cisbp__M0593",3.91,0.102,"","",2,343,"PHF20L1;ZFP36L1"
"DC_Gen3_Module","scertf__zhu.STB3",3.91,0.102,"","",7,2763,"FCGR3B;HIF1A;LOC347376;PHF20L1;RAB33B;SNX10;ZFP36L1"
"DC_Gen3_Module","taipale__GSC_full_NNTAATCCNN",3.9,0.102,"GSC (directAnnotation). ","CRX; DMBX1; DPRX; GSC2; OTX1; OTX2; PITX1; PITX2; PITX3; RHOXF2 (inferredBy_MotifSimilarity). ",3,401,"PHF20L1;RAB33B;TLR1"
"DC_Gen3_Module","cisbp__M0119",3.9,0.102,"","",4,1671,"LRRK2;SNAP23;SNX10;ZFP36L1"
"DC_Gen3_Module","cisbp__M1413",3.9,0.102,"","",2,166,"LOC440926;ZFP36L1"
"DC_Gen3_Module","transfac_public__M00165",3.9,0.102,"HSF1; HSF2; HSF4 (inferredBy_Orthology). ","",2,275,"MEFV;SNAP23"
"DC_Gen3_Module","cisbp__M1844",3.89,0.102,"","",8,4045,"CD46;F11R;HIF1A;LOC440926;SNAP23;SNX10;TLR1;ZFP36L1"
"DC_Gen3_Module","cisbp__M0026",3.89,0.102,"","",2,296,"HIF1A;PHF20L1"
"DC_Gen3_Module","neph__UW.Motif.0666",3.89,0.102,"","",5,2223,"HIF1A;LRRK2;PHF20L1;RAB33B;TLR1"
"DC_Gen3_Module","cisbp__M6357",3.88,0.102,"NANOG (directAnnotation). ","",3,717,"HIF1A;SNX10;ZFP36L1"
"DC_Gen3_Module","predrem__nrMotif1711",3.88,0.101,"","",2,300,"PHF20L1;ZFP36L1"
"DC_Gen3_Module","transfac_pro__M00623",3.88,0.101,"CRX; RAX (directAnnotation). ","",4,1174,"LOC440926;MEFV;SNAP23;SNX10"
"DC_Gen3_Module","taipale__Sox10_DBD_ATGAATTGCAGTCAT",3.87,0.101,"SOX10 (inferredBy_Orthology). ","SOX18; SOX7; SOX8; SOX9 (inferredBy_MotifSimilarity). SOX17; SOX3 (inferredBy_MotifSimilarity_n_Orthology). ",2,275,"CD46;LRRK2"
"DC_Gen3_Module","transfac_pro__M09496",3.87,0.101,"","ARNTL (inferredBy_MotifSimilarity_n_Orthology). ",2,201,"PHF20L1;ZFP36L1"
"DC_Gen3_Module","transfac_pro__M04916",3.86,0.101,"TAF1 (directAnnotation). ","BRF1; EZH2; MXI1; POLR2A; SMARCA4; ZMIZ1; ZNF274 (inferredBy_MotifSimilarity). ",2,174,"HIF1A;ZFP36L1"
"DC_Gen3_Module","jaspar__MA0574.1",3.86,0.101,"","",2,296,"PHF20L1;ZFP36L1"
"DC_Gen3_Module","transfac_pro__M05019",3.86,0.101,"","",2,343,"SNAP23;ZFP36L1"
"DC_Gen3_Module","taipale_cyt_meth__SREBF2_ATCACGTGAY_eDBD",3.86,0.101,"SREBF2 (directAnnotation). ","ARNT; BHLHE40; BHLHE41; MLX; MLXIPL; SREBF1; TFE3; TFEB; TFEC; USF1 (inferredBy_MotifSimilarity). ",2,254,"PHF20L1;TLR1"
"DC_Gen3_Module","cisbp__M3250",3.85,0.101,"FOXD3 (directAnnotation). ","FOXF1; FOXF2; FOXH1; FOXJ1; FOXJ2 (inferredBy_MotifSimilarity). ",5,2245,"LOC347376;MEFV;PHF20L1;SNX10;ZFP36L1"
"DC_Gen3_Module","taipale__TBX15_DBD_AGGTGTGAANTTCACACCT_repr",3.85,0.101,"TBX15 (directAnnotation). ","EOMES; MGA; T; TBR1; TBX1; TBX18; TBX19; TBX2; TBX20; TBX22; TBX3; TBX4; TBX5 (inferredBy_MotifSimilarity). TBX10; TBX21; TBX6 (inferredBy_MotifSimilarity_n_Orthology). ",2,201,"HIF1A;RAB33B"
"DC_Gen3_Module","cisbp__M1674",3.85,0.101,"","",2,254,"HIF1A;PHF20L1"
"DC_Gen3_Module","cisbp__M2532",3.84,0.101,"","CRX; GSC; GSC2; OTX1; OTX2 (inferredBy_MotifSimilarity_n_Orthology). ",2,201,"LRRK2;RAB33B"
"DC_Gen3_Module","transfac_public__M00229",3.84,0.101,"","",2,201,"LRRK2;ZFP36L1"
"DC_Gen3_Module","transfac_pro__M05033",3.83,0.1,"","",2,343,"SNAP23;ZFP36L1"
"DC_Gen3_Module","cisbp__M3944",3.83,0.1,"SREBF1 (directAnnotation). ","ARNT; ATF3; BHLHE40; BHLHE41; MLX; MLXIPL; NFE2; SREBF2; TFE3; TFEB; TFEC; USF1; USF2 (inferredBy_MotifSimilarity). ",3,496,"IDS;PHF20L1;TLR1"
"DC_Gen3_Module","elemento__ACACGTCA",3.83,0.1,"","",2,343,"FCGR3B;ZFP36L1"
"DC_Gen3_Module","transfac_pro__M03067",3.83,0.1,"","OTX2; PITX2 (inferredBy_MotifSimilarity). ",3,558,"HIF1A;LRRK2;RAB33B"
"DC_Gen3_Module","transfac_public__M00202",3.81,0.0999,"","",2,300,"HIF1A;LOC440926"
"DC_Gen3_Module","cisbp__M0641",3.81,0.0999,"","DMRT1; DMRT2; DMRT3; DMRTA1; DMRTA2; DMRTC2 (inferredBy_MotifSimilarity). ",3,717,"LOC440926;PHF20L1;ZFP36L1"
"DC_Gen3_Module","cisbp__M3256",3.8,0.0998,"FOXJ2 (directAnnotation). ","FOXA1; FOXA2; FOXC2; FOXD3; FOXF1; FOXF2; FOXH1; FOXJ1; FOXJ3; FOXL1; FOXM1 (inferredBy_MotifSimilarity). FOXD1; FOXD2; FOXD4; FOXD4L1; FOXD4L3; FOXD4L4; FOXD4L5; FOXD4L6 (inferredBy_MotifSimilarity_n_Orthology). ",6,2223,"CD46;F11R;LOC347376;LOC440926;SNX10;ZFP36L1"
"DC_Gen3_Module","transfac_public__M00182",3.8,0.0998,"","ARNT; ARNT2; ATF6B; BHLHE40; CREB3; CREB3L1; CREB3L4; MAX; MYC; USF1; USF2 (inferredBy_MotifSimilarity). ATF6; CREB3L2 (inferredBy_MotifSimilarity_n_Orthology). ",2,236,"PHF20L1;ZFP36L1"
"DC_Gen3_Module","cisbp__M6164",3.8,0.0998,"T (directAnnotation). ","TBR1; TBX19; TBX2; TBX20; TBX22; TBX3; TBX6 (inferredBy_MotifSimilarity). EOMES; TBX1; TBX10; TBX21 (inferredBy_MotifSimilarity_n_Orthology). ",2,287,"PHF20L1;ZFP36L1"
"DC_Gen3_Module","jaspar__MA0995.1",3.8,0.0996,"","",2,343,"HIF1A;PHF20L1"
"DC_Gen3_Module","dbcorrdb__BCL3__ENCSR000BKG_1__m3",3.78,0.0993,"BCL3 (directAnnotation). ","",2,343,"F11R;PHF20L1"
"DC_Gen3_Module","transfac_pro__M06787",3.78,0.0992,"ZNF780B (directAnnotation). ","",3,401,"LRRK2;PHF20L1;ZFP36L1"
"DC_Gen3_Module","tiffin__TIFDMEM0000013",3.78,0.0992,"","",5,1798,"IDS;LOC440926;MEFV;SNX10;ZFP36L1"
"DC_Gen3_Module","cisbp__M0884",3.78,0.0992,"","",2,254,"LOC440926;ZFP36L1"
"DC_Gen3_Module","transfac_pro__M01831",3.77,0.0991,"SRF (inferredBy_Orthology). ","",3,760,"LRRK2;SNX10;ZFP36L1"
"DC_Gen3_Module","cisbp__M0325",3.76,0.0988,"","",2,275,"LRRK2;ZFP36L1"
"DC_Gen3_Module","transfac_pro__M00660",3.76,0.0988,"","",2,234,"PHF20L1;ZFP36L1"
"DC_Gen3_Module","predrem__nrMotif2014",3.76,0.0987,"","",2,201,"HIF1A;SNX10"
"DC_Gen3_Module","cisbp__M6122",3.75,0.0986,"SPI1 (inferredBy_Orthology). ","BCL11A; EP300; IKZF1; IRF4; IRF8; SPIB; SPIC; STAT3 (inferredBy_MotifSimilarity). ",2,282,"F11R;ZFP36L1"
"DC_Gen3_Module","neph__UW.Motif.0322",3.75,0.0986,"","",4,760,"F11R;FCGR3B;LOC440926;ZFP36L1"
"DC_Gen3_Module","cisbp__M1571",3.75,0.0985,"","",3,717,"HIF1A;LOC440926;ZFP36L1"
"DC_Gen3_Module","hocomoco__XBP1_HUMAN.H11MO.0.D",3.74,0.0984,"XBP1 (directAnnotation). ","ATF6; ATF6B; CREB3; CREB3L1; CREB3L4 (inferredBy_MotifSimilarity). CREB3L2 (inferredBy_MotifSimilarity_n_Orthology). ",2,278,"PHF20L1;ZFP36L1"
"DC_Gen3_Module","flyfactorsurvey__hb_SANGER_2.5_FBgn0001180",3.73,0.0982,"ZNF513 (inferredBy_Orthology). ","",2,343,"SNX10;ZFP36L1"
"DC_Gen3_Module","neph__UW.Motif.0167",3.73,0.098,"","",3,496,"LOC440926;PHF20L1;ZFP36L1"
"DC_Gen3_Module","transfac_pro__M09495",3.73,0.098,"","BACH1; CLOCK; TFE3 (inferredBy_MotifSimilarity). ARNTL; TFEB (inferredBy_MotifSimilarity_n_Orthology). ",2,214,"PHF20L1;ZFP36L1"
"DC_Gen3_Module","predrem__nrMotif1264",3.72,0.0979,"","",2,343,"F11R;SNX10"
"DC_Gen3_Module","cisbp__M1408",3.72,0.0978,"","",2,214,"LOC440926;ZFP36L1"
"DC_Gen3_Module","hdpi__RBBP9",3.72,0.0978,"RBBP9 (directAnnotation). ","",3,603,"HIF1A;PHF20L1;ZFP36L1"
"DC_Gen3_Module","predrem__nrMotif1559",3.71,0.0977,"","",2,254,"FCGR3B;PHF20L1"
"DC_Gen3_Module","cisbp__M4536",3.71,0.0977,"E2F1 (directAnnotation). ","",4,1671,"HIF1A;LOC440926;PHF20L1;ZFP36L1"
"DC_Gen3_Module","jaspar__MA0445.1",3.7,0.0975,"SOX14; SOX21 (inferredBy_Orthology). ","NANOG; SMAD1; SOX10; SOX13; SOX15; SOX17; SOX2; SOX4; SOX8; SOX9 (inferredBy_MotifSimilarity). NANOGP8; SOX11 (inferredBy_MotifSimilarity_n_Orthology). ",6,2525,"F11R;HIF1A;LOC440926;PHF20L1;TLR1;ZFP36L1"
"DC_Gen3_Module","transfac_public__M00148",3.7,0.0974,"SRY (directAnnotation). ","",9,4879,"F11R;HIF1A;IDS;LOC440926;PHF20L1;SNAP23;SNX10;TLR1;ZFP36L1"
"DC_Gen3_Module","transfac_pro__M04955",3.7,0.0974,"ZBTB33 (directAnnotation). ","",2,343,"HIF1A;ZFP36L1"
"DC_Gen3_Module","transfac_pro__M07710",3.7,0.0973,"FOXN2; FOXN3 (inferredBy_Orthology). ","FOXC2; FOXJ2; FOXK1; FOXO1; FOXO4; FOXP1; FOXQ1 (inferredBy_MotifSimilarity). FOXC1; FOXG1; FOXJ3; FOXO3; FOXP2; FOXP3; FOXP4 (inferredBy_MotifSimilarity_n_Orthology). ",3,505,"LOC440926;MEFV;PHF20L1"
"DC_Gen3_Module","cisbp__M1873",3.69,0.0972,"","FOXD3; FOXF1; FOXF2; FOXH1; FOXJ1; FOXJ2 (inferredBy_MotifSimilarity). ",9,4709,"F11R;IDS;LOC347376;LRRK2;MEFV;PHF20L1;SNX10;TLR1;ZFP36L1"
"DC_Gen3_Module","dbcorrdb__POLR2AphosphoS2__ENCSR000EHF_1__m1",3.69,0.0972,"POLR2A (directAnnotation). ","",2,254,"F11R;MEFV"
"DC_Gen3_Module","homer__AATTTTAAAA_Unknown6",3.69,0.0971,"","",4,833,"HIF1A;PHF20L1;SNX10;ZFP36L1"
"DC_Gen3_Module","stark__SMATAAAAAA",3.68,0.0969,"ZNF513 (inferredBy_Orthology). ","",7,4709,"HIF1A;IDS;PHF20L1;RAB33B;SNX10;TLR1;ZFP36L1"
"DC_Gen3_Module","predrem__nrMotif2423",3.67,0.0968,"","",2,214,"PHF20L1;ZFP36L1"
"DC_Gen3_Module","transfac_pro__M09042",3.67,0.0968,"","",2,230,"LOC347376;PHF20L1"
"DC_Gen3_Module","transfac_pro__M02840",3.67,0.0968,"ARID5A (inferredBy_Orthology). ","",9,4999,"F11R;HIF1A;LOC440926;LRRK2;PHF20L1;SNAP23;SNX10;TLR1;ZFP36L1"
"DC_Gen3_Module","cisbp__M0459",3.67,0.0967,"","",2,343,"SNX10;ZFP36L1"
"DC_Gen3_Module","tfdimers__MD00233",3.67,0.0966,"CRX; IRF8 (directAnnotation). ","",2,254,"HIF1A;TLR1"
"DC_Gen3_Module","transfac_pro__M02807",3.66,0.0965,"","SRY (inferredBy_MotifSimilarity). SOX30; SOX8 (inferredBy_MotifSimilarity_n_Orthology). ",2,219,"F11R;ZFP36L1"
"DC_Gen3_Module","predrem__nrMotif1678",3.65,0.0963,"","",3,833,"F11R;LOC347376;SNX10"
"DC_Gen3_Module","yetfasco__YGL073W_411",3.64,0.0961,"HSF1; HSF2; HSF4 (inferredBy_Orthology). ","HOXB2 (inferredBy_MotifSimilarity). ",2,214,"PHF20L1;SNAP23"
"DC_Gen3_Module","transfac_pro__M06634",3.64,0.096,"ZSCAN5A (directAnnotation). ","",3,717,"CD46;LRRK2;ZFP36L1"
"DC_Gen3_Module","cisbp__M0383",3.64,0.096,"","EGR1; EGR3; EGR4 (inferredBy_MotifSimilarity). EGR2 (inferredBy_MotifSimilarity_n_Orthology). ",2,254,"HIF1A;ZFP36L1"
"DC_Gen3_Module","transfac_pro__M00694",3.63,0.0959,"E4F1 (directAnnotation). ","CREB1 (inferredBy_MotifSimilarity_n_Orthology). ",4,1948,"IDS;PHF20L1;SNAP23;ZFP36L1"
"DC_Gen3_Module","jaspar__MA0973.1",3.63,0.0959,"","",8,4938,"CD46;F11R;FCGR3B;HIF1A;LRRK2;PHF20L1;SNAP23;ZFP36L1"
"DC_Gen3_Module","transfac_pro__M09264",3.63,0.0958,"","SRF (inferredBy_MotifSimilarity_n_Orthology). ",2,370,"FCGR3B;ZFP36L1"
"DC_Gen3_Module","dbcorrdb__POLR2A__ENCSR000AOJ_1__m12",3.63,0.0958,"POLR2A (directAnnotation). ","",5,2108,"F11R;LOC440926;SNAP23;SNX10;ZFP36L1"
"DC_Gen3_Module","predrem__nrMotif223",3.63,0.0958,"","",2,279,"HIF1A;ZFP36L1"
"DC_Gen3_Module","tfdimers__MD00235",3.62,0.0956,"DBP; STAT1 (directAnnotation). ","",2,343,"F11R;ZFP36L1"
"DC_Gen3_Module","predrem__nrMotif549",3.62,0.0955,"","",2,219,"LOC347376;PHF20L1"
"DC_Gen3_Module","taipale_tf_pairs__ETV2_RFX5_RNCGGAANNNNNNNNNGCAACN_CAP_repr",3.61,0.0954,"ETV2; RFX5 (directAnnotation). ","",2,254,"HIF1A;TLR1"
"DC_Gen3_Module","predrem__nrMotif143",3.61,0.0953,"","",2,296,"HIF1A;TLR1"
"DC_Gen3_Module","swissregulon__sacCer__TEA1",3.6,0.0952,"","",2,214,"SNAP23;SNX10"
"DC_Gen3_Module","scertf__pachkov.YDR026C",3.6,0.0951,"","",2,343,"HIF1A;SNX10"
"DC_Gen3_Module","cisbp__M0272",3.6,0.095,"","ATF6; CREB3L1; CREB3L2; XBP1 (inferredBy_MotifSimilarity). ATF6B (inferredBy_MotifSimilarity_n_Orthology). ",2,201,"PHF20L1;ZFP36L1"
"DC_Gen3_Module","predrem__nrMotif1834",3.6,0.095,"","",2,275,"FCGR3B;LRRK2"
"DC_Gen3_Module","transfac_pro__M01381",3.6,0.095,"","OTX2; PITX2 (inferredBy_MotifSimilarity). ",3,566,"HIF1A;LRRK2;RAB33B"
"DC_Gen3_Module","cisbp__M6478",3.6,0.095,"SOX9 (directAnnotation). ","SOX10; SOX13; SOX3; SOX8 (inferredBy_MotifSimilarity). SOX14; SOX2; SOX21; SOX4 (inferredBy_MotifSimilarity_n_Orthology). ",4,1287,"F11R;HIF1A;LOC440926;TLR1"
"DC_Gen3_Module","taipale__HNF4A_full_NRGTCCAAAGTCCANY",3.59,0.0948,"HNF4A (directAnnotation). ","HNF4G (inferredBy_MotifSimilarity). ",2,343,"F11R;LRRK2"
"DC_Gen3_Module","transfac_pro__M00366",3.59,0.0948,"","ATF6B; CREB3; CREB3L1; CREB3L4; USF1; USF2 (inferredBy_MotifSimilarity). ATF6; CREB3L2; MAX; MNT (inferredBy_MotifSimilarity_n_Orthology). ",2,343,"FCGR3B;ZFP36L1"
"DC_Gen3_Module","predrem__nrMotif947",3.57,0.0945,"","",7,4204,"CD46;F11R;HIF1A;RAB33B;SNAP23;TLR1;ZFP36L1"
"DC_Gen3_Module","dbcorrdb__ZNF274__ENCSR000EVG_1__m2",3.57,0.0944,"ZNF274 (directAnnotation). ","SETDB1 (inferredBy_MotifSimilarity). ",3,833,"F11R;FCGR3B;LRRK2"
"DC_Gen3_Module","cisbp__M2226",3.57,0.0943,"","",2,358,"HIF1A;SNX10"
"DC_Gen3_Module","taipale_tf_pairs__MYBL1_FIGLA_NCASSTGNNNNNNNNCSGTTR_CAP_repr",3.56,0.0942,"FIGLA; MYBL1 (directAnnotation). ","",2,343,"F11R;FCGR3B"
"DC_Gen3_Module","taipale__Foxj3_DBD_RTAAACATMAACA",3.56,0.0942,"FOXJ3 (inferredBy_Orthology). ","FOXD2; FOXG1; FOXJ2; FOXO1; FOXO4 (inferredBy_MotifSimilarity). FOXK1 (inferredBy_MotifSimilarity_n_Orthology). ",4,1671,"PHF20L1;SNAP23;SNX10;ZFP36L1"
"DC_Gen3_Module","transfac_public__M00456",3.56,0.0941,"BPTF (directAnnotation). ","",3,603,"LOC440926;SNX10;ZFP36L1"
"DC_Gen3_Module","taipale_cyt_meth__LHX6_TRATTGCAATYA_FL_meth",3.56,0.0941,"LHX6 (directAnnotation). ","LHX8 (inferredBy_MotifSimilarity). ",3,618,"F11R;HIF1A;SNAP23"
"DC_Gen3_Module","taipale_tf_pairs__ETV2_GSC2_RSCGGAANNNNGGATTA_CAP_repr",3.55,0.0939,"ETV2; GSC2 (directAnnotation). ","",2,280,"F11R;TLR1"
"DC_Gen3_Module","cisbp__M0127",3.54,0.0938,"","",2,288,"SNX10;ZFP36L1"
"DC_Gen3_Module","cisbp__M0284",3.54,0.0936,"","ATF6; ATF6B; CREB3; CREB3L1; CREB3L2; CREB3L4; XBP1 (inferredBy_MotifSimilarity). ",2,401,"PHF20L1;ZFP36L1"
"DC_Gen3_Module","cisbp__M0688",3.53,0.0934,"ELF3 (inferredBy_Orthology). ","EHF; ELF1; ELF2; ELF4; ELF5; ETV6; FLI1 (inferredBy_MotifSimilarity). SPDEF (inferredBy_MotifSimilarity_n_Orthology). ",2,255,"F11R;ZFP36L1"
"DC_Gen3_Module","cisbp__M2710",3.53,0.0934,"","",2,275,"SNAP23;ZFP36L1"
"DC_Gen3_Module","tfdimers__MD00421",3.52,0.0933,"ELF3; POU5F1 (directAnnotation). ","",2,254,"F11R;PHF20L1"
"DC_Gen3_Module","cisbp__M0627",3.51,0.0931,"","",6,3453,"F11R;HIF1A;LRRK2;PHF20L1;SNX10;ZFP36L1"
"DC_Gen3_Module","transfac_pro__M07491",3.51,0.0931,"","",2,343,"HIF1A;ZFP36L1"
"DC_Gen3_Module","dbcorrdb__EZH2__ENCSR000ATA_1__m1",3.51,0.093,"EZH2 (directAnnotation). ","",2,343,"HIF1A;LOC440926"
"DC_Gen3_Module","taipale_cyt_meth__ZSCAN16_NANTGTTAACAGAGCCTCN_eDBD_repr",3.5,0.0927,"ZSCAN16 (directAnnotation). ","",2,255,"RAB33B;TLR1"
"DC_Gen3_Module","predrem__nrMotif294",3.5,0.0927,"","",2,358,"SNX10;ZFP36L1"
"DC_Gen3_Module","transfac_pro__M04833",3.5,0.0927,"EP300 (directAnnotation). ","BCL11A; IKZF1; IRF4; IRF8; MTA3; PAX5; SPI1; SPIB; STAT3; TBL1XR1 (inferredBy_MotifSimilarity). ",4,1480,"F11R;FCGR3B;HIF1A;ZFP36L1"
"DC_Gen3_Module","taipale__DPRX_DBD_NNGGATTANN",3.49,0.0926,"DPRX (directAnnotation). ","DMBX1; GSC (inferredBy_MotifSimilarity). CRX; GSC2; OTX1; OTX2 (inferredBy_MotifSimilarity_n_Orthology). ",3,401,"PHF20L1;RAB33B;TLR1"
"DC_Gen3_Module","tfdimers__MD00168",3.49,0.0926,"GATA1; GATA2; GATA3; GATA4; GATA5; GATA6; PAX4 (directAnnotation). ","",2,254,"F11R;RAB33B"
"DC_Gen3_Module","predrem__nrMotif1290",3.49,0.0925,"","",2,343,"HIF1A;ZFP36L1"
"DC_Gen3_Module","jaspar__MA0096.1",3.47,0.0922,"","CREM (inferredBy_MotifSimilarity). ",2,299,"PHF20L1;ZFP36L1"
"DC_Gen3_Module","jaspar__MA0390.1",3.47,0.0922,"","",2,214,"PHF20L1;RAB33B"
"DC_Gen3_Module","predrem__nrMotif2137",3.47,0.0921,"","",2,360,"LRRK2;TLR1"
"DC_Gen3_Module","predrem__nrMotif596",3.47,0.092,"","",2,227,"PHF20L1;ZFP36L1"
"DC_Gen3_Module","cisbp__M0419",3.46,0.0919,"EGR1 (inferredBy_Orthology). ","EGR2; EGR3; EGR4 (inferredBy_MotifSimilarity_n_Orthology). ",3,618,"HIF1A;RAB33B;ZFP36L1"
"DC_Gen3_Module","tfdimers__MD00376",3.46,0.0918,"HOXA13; KLF4 (directAnnotation). ","",3,980,"FCGR3B;PHF20L1;SNX10"
"DC_Gen3_Module","cisbp__M0901",3.46,0.0918,"ANHX (directAnnotation). ","",2,237,"HIF1A;ZFP36L1"
"DC_Gen3_Module","cisbp__M1614",3.45,0.0916,"","",3,558,"FCGR3B;LRRK2;ZFP36L1"
"DC_Gen3_Module","flyfactorsurvey__lmd_SANGER_5_FBgn0039039",3.45,0.0916,"GLIS1; GLIS3 (inferredBy_Orthology). ","GLIS2; ZIC1; ZIC2; ZIC3; ZIC4; ZIC5 (inferredBy_MotifSimilarity_n_Orthology). ",3,763,"F11R;HIF1A;ZFP36L1"
"DC_Gen3_Module","dbcorrdb__EP300__ENCSR000AQB_1__m1",3.44,0.0914,"EP300 (directAnnotation). ","",2,258,"F11R;ZFP36L1"
"DC_Gen3_Module","transfac_public__M00410",3.43,0.0912,"SOX9 (directAnnotation). ","SOX10; SOX13; SOX3; SOX8 (inferredBy_MotifSimilarity). SOX14; SOX21 (inferredBy_MotifSimilarity_n_Orthology). ",3,558,"F11R;HIF1A;TLR1"
"DC_Gen3_Module","dbcorrdb__EP300__ENCSR000DZT_1__m3",3.43,0.0911,"EP300 (directAnnotation). ","",4,1480,"LOC347376;PHF20L1;SNX10;ZFP36L1"
"DC_Gen3_Module","transfac_pro__M05594",3.42,0.091,"ZNF143 (directAnnotation). ","",2,301,"F11R;LOC440926"
"DC_Gen3_Module","jaspar__MA0552.1",3.42,0.091,"","",2,236,"PHF20L1;ZFP36L1"
"DC_Gen3_Module","tfdimers__MD00196",3.41,0.0908,"E2F6; EP300 (directAnnotation). ","",2,227,"F11R;ZFP36L1"
"DC_Gen3_Module","cisbp__M2345",3.41,0.0907,"","",2,254,"PHF20L1;ZFP36L1"
"DC_Gen3_Module","idmmpmm__bab1",3.41,0.0906,"","",2,358,"SNX10;ZFP36L1"
"DC_Gen3_Module","dbcorrdb__EZH2__ENCSR000AQE_1__m8",3.4,0.0905,"EZH2 (directAnnotation). ","",2,275,"PHF20L1;SNAP23"
"DC_Gen3_Module","transfac_pro__M00372",3.4,0.0904,"","",2,258,"PHF20L1;ZFP36L1"
"DC_Gen3_Module","swissregulon__hs__ARNT_ARNT2_BHLHB2_MAX_MYC_USF1.p2",3.4,0.0904,"ARNT; ARNT2; BHLHE40; MAX; MYC; USF1 (directAnnotation). ","MXI1; USF2 (inferredBy_MotifSimilarity). CLOCK; MYCN; NPAS2 (inferredBy_MotifSimilarity_n_Orthology). ",2,288,"PHF20L1;ZFP36L1"
"DC_Gen3_Module","cisbp__M3916",3.39,0.0902,"SOX9 (directAnnotation). ","SOX10; SOX3; SOX8 (inferredBy_MotifSimilarity). SOX14; SOX21 (inferredBy_MotifSimilarity_n_Orthology). ",3,558,"F11R;HIF1A;TLR1"
"DC_Gen3_Module","cisbp__M6017",3.39,0.0902,"FOXJ3 (inferredBy_Orthology). ","FOXD2; FOXG1; FOXJ2; FOXO1; FOXO4 (inferredBy_MotifSimilarity). FOXK1 (inferredBy_MotifSimilarity_n_Orthology). ",2,275,"SNX10;ZFP36L1"
"DC_Gen3_Module","cisbp__M5049",3.38,0.09,"ZNF229; ZNF319 (inferredBy_Orthology). ","",5,2381,"HIF1A;LOC440926;SNAP23;SNX10;ZFP36L1"
"DC_Gen3_Module","transfac_pro__M07718",3.38,0.09,"FOXD1; FOXD2; FOXD3; FOXD4; FOXD4L1; FOXD4L3; FOXD4L4; FOXD4L5; FOXD4L6 (inferredBy_Orthology). ","FOXA1; FOXA2; FOXA3; SOX14; SOX21 (inferredBy_MotifSimilarity_n_Orthology). ",2,275,"SNX10;ZFP36L1"
"DC_Gen3_Module","transfac_pro__M02796",3.38,0.09,"SOX12 (inferredBy_Orthology). ","SOX13; SOX18 (inferredBy_MotifSimilarity_n_Orthology). ",2,343,"HIF1A;ZFP36L1"
"DC_Gen3_Module","cisbp__M2020",3.38,0.0899,"NKX3-1 (inferredBy_Orthology). ","NKX3-2 (inferredBy_MotifSimilarity_n_Orthology). ",6,3453,"HIF1A;LOC347376;LOC440926;PHF20L1;SNX10;ZFP36L1"
"DC_Gen3_Module","hocomoco__ZN219_HUMAN.H11MO.0.D",3.38,0.0899,"ZNF219 (directAnnotation). ","",2,347,"HIF1A;ZFP36L1"
"DC_Gen3_Module","cisbp__M5346",3.36,0.0896,"DPRX (directAnnotation). ","DMBX1; GSC (inferredBy_MotifSimilarity). CRX; GSC2; OTX1; OTX2 (inferredBy_MotifSimilarity_n_Orthology). ",3,410,"PHF20L1;RAB33B;TLR1"
"DC_Gen3_Module","transfac_pro__M07893",3.36,0.0896,"PRDM1 (inferredBy_Orthology). ","IRF1; IRF2; IRF3; IRF4; IRF5; IRF6; IRF7; IRF8 (inferredBy_MotifSimilarity). ",2,299,"F11R;LOC347376"
"DC_Gen3_Module","flyfactorsurvey__sqz_SANGER_5_FBgn0010768",3.36,0.0895,"ZNF362; ZNF384 (inferredBy_Orthology). ","",2,377,"SNX10;ZFP36L1"
"DC_Gen3_Module","transfac_pro__M08878",3.35,0.0894,"EGR1; EGR2; EGR3; EGR4 (directAnnotation). ","CTCF; SMARCA4 (inferredBy_MotifSimilarity). ",2,343,"HIF1A;ZFP36L1"
"DC_Gen3_Module","swissregulon__hs__RREB1.p2",3.34,0.0892,"RREB1 (directAnnotation). ","BRF1; CUX1; EGR1; EGR2; KLF16; MAZ; PAX4; RBBP5; RCOR1; REST; SREBF2; SUPT20H; TBX15; ZBTB7B; ZNF740 (inferredBy_MotifSimilarity). WT1 (inferredBy_MotifSimilarity_n_Orthology). ",2,275,"HIF1A;ZFP36L1"
"DC_Gen3_Module","transfac_pro__M06116",3.34,0.0892,"ZNF28 (directAnnotation). ","",3,980,"FCGR3B;SNAP23;ZFP36L1"
"DC_Gen3_Module","predrem__nrMotif1159",3.34,0.0892,"","",2,224,"HIF1A;PHF20L1"
"DC_Gen3_Module","transfac_pro__M02795",3.34,0.0892,"SOX11 (inferredBy_Orthology). ","SMAD1; SOX4 (inferredBy_MotifSimilarity). SOX10; SOX14; SOX21 (inferredBy_MotifSimilarity_n_Orthology). ",5,1798,"F11R;HIF1A;LOC440926;TLR1;ZFP36L1"
"DC_Gen3_Module","transfac_pro__M09064",3.34,0.0891,"","",3,980,"LOC347376;PHF20L1;SNAP23"
"DC_Gen3_Module","dbcorrdb__POLR2AphosphoS5__ENCSR000BIC_1__m1",3.34,0.0891,"","POLR2A; ZNF143 (inferredBy_MotifSimilarity). ",2,236,"RAB33B;ZFP36L1"
"DC_Gen3_Module","taipale_cyt_meth__YBX1_YGTWCCAYC_eDBD_repr",3.34,0.0891,"YBX1 (directAnnotation). ","",5,2525,"F11R;HIF1A;LRRK2;RAB33B;SNX10"
"DC_Gen3_Module","hdpi__GADD45A",3.34,0.0891,"GADD45A (directAnnotation). ","",3,1144,"HIF1A;PHF20L1;ZFP36L1"
"DC_Gen3_Module","yetfasco__YMR019W_2107",3.34,0.089,"","",1,53,"HIF1A"
"DC_Gen3_Module","cisbp__M0653",3.32,0.0887,"","",4,1948,"HIF1A;LRRK2;SNAP23;ZFP36L1"
"DC_Gen3_Module","transfac_pro__M01514",3.32,0.0886,"","",5,2321,"FCGR3B;HIF1A;PHF20L1;RAB33B;SNX10"
"DC_Gen3_Module","cisbp__M4835",3.31,0.0885,"FOXP2 (inferredBy_Orthology). ","ZNF358; ZNF768 (inferredBy_MotifSimilarity_n_Orthology). ",2,422,"SNX10;ZFP36L1"
"DC_Gen3_Module","transfac_pro__M09532",3.31,0.0884,"","ATF6; CREB3; CREB3L1; CREB3L2; MAF; XBP1 (inferredBy_MotifSimilarity). ATF6B (inferredBy_MotifSimilarity_n_Orthology). ",3,558,"F11R;LRRK2;ZFP36L1"
"DC_Gen3_Module","transfac_pro__M02942",3.31,0.0883,"ZSCAN4 (inferredBy_Orthology). ","",2,377,"LOC440926;PHF20L1"
"DC_Gen3_Module","transfac_pro__M05450",3.3,0.0882,"ZNF654 (inferredBy_Orthology). ","",2,275,"FCGR3B;LOC440926"
"DC_Gen3_Module","hocomoco__ZN350_HUMAN.H11MO.0.C",3.29,0.088,"ZNF350 (directAnnotation). ","",2,278,"LRRK2;ZFP36L1"
"DC_Gen3_Module","hdpi__RPL6",3.29,0.0879,"RPL6 (directAnnotation). ","",2,401,"PHF20L1;TLR1"
"DC_Gen3_Module","cisbp__M4695",3.29,0.0879,"MEF2A (directAnnotation). ","",5,1174,"LRRK2;PHF20L1;SNAP23;SNX10;ZFP36L1"
"DC_Gen3_Module","jaspar__MA0559.1",3.28,0.0878,"","",6,3540,"F11R;FCGR3B;HIF1A;PHF20L1;SNX10;ZFP36L1"
"DC_Gen3_Module","dbcorrdb__MYBL2__ENCSR000BRO_1__m2",3.28,0.0877,"MYBL2 (directAnnotation). ","ARID3A; BCL3; EP300; FOXA1; FOXA2; FOXD1; FOXM1; GATA3; HDAC2; MBD4; NFIC; TCF12 (inferredBy_MotifSimilarity). ",2,422,"LOC440926;PHF20L1"
"DC_Gen3_Module","cisbp__M0278",3.28,0.0876,"","XBP1 (inferredBy_MotifSimilarity_n_Orthology). ",2,343,"LOC440926;ZFP36L1"
"DC_Gen3_Module","cisbp__M6155",3.27,0.0875,"ATF6 (directAnnotation). ","",2,288,"HIF1A;PHF20L1"
"DC_Gen3_Module","predrem__nrMotif1642",3.27,0.0875,"","",1,53,"SNX10"
"DC_Gen3_Module","elemento__ATAAATA",3.27,0.0875,"","",6,3453,"F11R;LOC347376;MEFV;SNAP23;SNX10;TLR1"
"DC_Gen3_Module","transfac_pro__M01457",3.27,0.0875,"NKX2-3 (directAnnotation). ","",2,275,"HIF1A;SNX10"
"DC_Gen3_Module","taipale_tf_pairs__ERF_FIGLA_RSCGGAANCASCTGNN_CAP_repr",3.27,0.0875,"ERF; FIGLA (directAnnotation). ","",2,401,"F11R;PHF20L1"
"DC_Gen3_Module","cisbp__M5864",3.27,0.0874,"","ELF2; ELF4; SPI1; SPIB; SPIC (inferredBy_MotifSimilarity). ETV6; ETV7 (inferredBy_MotifSimilarity_n_Orthology). ",2,275,"PHF20L1;SNX10"
"DC_Gen3_Module","cisbp__M3234",3.27,0.0874,"BPTF (directAnnotation). ","",8,4999,"CD46;F11R;LOC440926;LRRK2;PHF20L1;SNAP23;SNX10;ZFP36L1"
"DC_Gen3_Module","yetfasco__YFL044C_1166",3.27,0.0874,"YOD1 (inferredBy_Orthology). ","",4,1310,"F11R;SNAP23;SNX10;ZFP36L1"
"DC_Gen3_Module","predrem__nrMotif1982",3.26,0.0873,"","",2,296,"HIF1A;PHF20L1"
"DC_Gen3_Module","transfac_pro__M01837",3.26,0.0873,"KLF11 (directAnnotation). ","",2,343,"HIF1A;ZFP36L1"
"DC_Gen3_Module","taipale_cyt_meth__SOX8_AGAACAATGN_eDBD",3.26,0.0873,"SOX8 (directAnnotation). ","SOX10; SOX13; SOX3; SOX9 (inferredBy_MotifSimilarity). SOX14; SOX21; SOX4 (inferredBy_MotifSimilarity_n_Orthology). ",3,603,"F11R;HIF1A;TLR1"
"DC_Gen3_Module","cisbp__M0626",3.26,0.0872,"","",6,3299,"F11R;HIF1A;LRRK2;PHF20L1;SNX10;ZFP36L1"
"DC_Gen3_Module","cisbp__M3698",3.25,0.0871,"TP53 (directAnnotation). ","TP63; TP73 (inferredBy_MotifSimilarity). ",2,401,"RAB33B;ZFP36L1"
"DC_Gen3_Module","flyfactorsurvey__rn_SANGER_10_FBgn0259172",3.25,0.0871,"ZNF362; ZNF384 (inferredBy_Orthology). ","",1,53,"ZFP36L1"
"DC_Gen3_Module","homer__DDAAAAATTTTY_SFP1",3.25,0.087,"JAZF1 (inferredBy_Orthology). ","",7,4879,"HIF1A;LRRK2;PHF20L1;RAB33B;SNX10;TLR1;ZFP36L1"
"DC_Gen3_Module","scertf__foat.RTG1",3.25,0.0869,"","",2,344,"HIF1A;TLR1"
"DC_Gen3_Module","taipale_cyt_meth__HNF4A_NRGTCCAAAGTCCRN_eDBD_meth_repr",3.25,0.0869,"HNF4A (directAnnotation). ","HNF4G; MYBL2 (inferredBy_MotifSimilarity). ",2,358,"F11R;LRRK2"
"DC_Gen3_Module","neph__UW.Motif.0546",3.25,0.0869,"","",3,980,"F11R;SNAP23;ZFP36L1"
"DC_Gen3_Module","dbcorrdb__TBP__ENCSR000EEL_1__m2",3.24,0.0868,"TBP (directAnnotation). ","",2,343,"F11R;ZFP36L1"
"DC_Gen3_Module","taipale_cyt_meth__ZNF384_TTTTTNNNNNNNNNNNNAAAAA_eDBD_repr",3.23,0.0865,"ZNF384 (directAnnotation). ","",7,4709,"F11R;HIF1A;LOC347376;LOC440926;SNX10;TLR1;ZFP36L1"
"DC_Gen3_Module","transfac_pro__M08887",3.22,0.0864,"IRF1; IRF2; IRF3; IRF4; IRF5; IRF6; IRF7; IRF8; IRF9 (directAnnotation). ","PRDM1; STAT1; STAT2 (inferredBy_MotifSimilarity). ",2,343,"HIF1A;ZFP36L1"
"DC_Gen3_Module","transfac_pro__M09289",3.22,0.0864,"","",5,2365,"HIF1A;LRRK2;PHF20L1;TLR1;ZFP36L1"
"DC_Gen3_Module","taipale_cyt_meth__LEF1_ASATCAAAS_FL",3.21,0.0862,"LEF1 (directAnnotation). ","MBD4; TCF4; TCF7; TCF7L1; TCF7L2 (inferredBy_MotifSimilarity). TCF3 (inferredBy_MotifSimilarity_n_Orthology). ",2,343,"TLR1;ZFP36L1"
"DC_Gen3_Module","taipale_cyt_meth__LHX6_TRATTGCAATYA_FL",3.21,0.0861,"LHX6 (directAnnotation). ","LHX8 (inferredBy_MotifSimilarity). ",3,1144,"F11R;HIF1A;SNAP23"
"DC_Gen3_Module","transfac_pro__M02801",3.21,0.0861,"SOX18 (inferredBy_Orthology). ","SOX12 (inferredBy_MotifSimilarity_n_Orthology). ",3,1144,"HIF1A;IDS;ZFP36L1"
"DC_Gen3_Module","tiffin__TIFDMEM0000068",3.21,0.086,"","",5,2763,"F11R;LRRK2;PHF20L1;SNAP23;SNX10"
"DC_Gen3_Module","cisbp__M0754",3.2,0.0859,"FOXN1; FOXN2; FOXN3; FOXN4; FOXR1; FOXR2 (inferredBy_Orthology). ","",1,53,"LOC440926"
"DC_Gen3_Module","transfac_pro__M07904",3.2,0.0859,"VPS72 (inferredBy_Orthology). ","",7,3925,"F11R;HIF1A;LOC347376;MEFV;PHF20L1;SNAP23;SNX10"
"DC_Gen3_Module","elemento__ACGTGCG",3.2,0.0858,"","",2,254,"HIF1A;ZFP36L1"
"DC_Gen3_Module","taipale__SPIB_DBD_AAAAAGMGGAAGTN",3.19,0.0857,"SPIB (directAnnotation). ","ELF2; ELF4; SPI1; SPIC (inferredBy_MotifSimilarity). ETV6; ETV7 (inferredBy_MotifSimilarity_n_Orthology). ",2,254,"PHF20L1;SNX10"
"DC_Gen3_Module","taipale_cyt_meth__MLX_YNCACGTGMYN_FL",3.19,0.0857,"MLX (directAnnotation). ","TFE3; TFEB (inferredBy_MotifSimilarity). ",2,343,"PHF20L1;ZFP36L1"
"DC_Gen3_Module","cisbp__M2620",3.19,0.0856,"","MEF2B; MEF2C; MEF2D; SRF (inferredBy_MotifSimilarity). ",2,254,"FCGR3B;PHF20L1"
"DC_Gen3_Module","taipale__SPIC_full_AAAAAGNGGAAGTN",3.19,0.0856,"SPIC (directAnnotation). ","SPI1; SPIB (inferredBy_MotifSimilarity). ",2,370,"PHF20L1;SNX10"
"DC_Gen3_Module","cisbp__M0248",3.19,0.0856,"","SREBF1; SREBF2; TFE3; TFEB; TFEC; USF1 (inferredBy_MotifSimilarity). ",2,343,"HIF1A;PHF20L1"
"DC_Gen3_Module","cisbp__M0343",3.19,0.0856,"","",2,278,"SNAP23;ZFP36L1"
"DC_Gen3_Module","flyfactorsurvey__br-Z3_FlyReg_FBgn0000210",3.19,0.0856,"","",1,53,"ZFP36L1"
"DC_Gen3_Module","swissregulon__sacCer__YDR026c",3.19,0.0856,"","",1,53,"SNX10"
"DC_Gen3_Module","homer__WTTTTCYYTTTT_RLR1_",3.19,0.0856,"","",1,53,"ZFP36L1"
"DC_Gen3_Module","transfac_pro__M07100",3.18,0.0855,"HSF1 (directAnnotation). ","HOXB2; HSF2; HSF4 (inferredBy_MotifSimilarity). ",2,254,"MEFV;SNAP23"
"DC_Gen3_Module","taipale_cyt_meth__CREB3L4_YGCCACGTCAYN_eDBD_repr",3.18,0.0855,"CREB3L4 (directAnnotation). ","ATF6; ATF6B; CREB3; CREB3L1; CREB3L2; XBP1 (inferredBy_MotifSimilarity). ",1,53,"ZFP36L1"
"DC_Gen3_Module","scertf__fordyce.ROX1",3.18,0.0854,"","",4,980,"HIF1A;LOC440926;MEFV;PHF20L1"
"DC_Gen3_Module","transfac_pro__M09572",3.18,0.0853,"","",1,53,"ZFP36L1"
"DC_Gen3_Module","transfac_pro__M05559",3.18,0.0853,"","",2,370,"MEFV;ZFP36L1"
"DC_Gen3_Module","cisbp__M2249",3.18,0.0853,"SOX14; SOX21 (inferredBy_Orthology). ","NANOG; SMAD1; SOX10; SOX13; SOX15; SOX17; SOX2; SOX4; SOX8; SOX9; SRY (inferredBy_MotifSimilarity). NANOGP8; SOX11; SOX6 (inferredBy_MotifSimilarity_n_Orthology). ",5,1948,"F11R;HIF1A;LOC440926;PHF20L1;TLR1"
"DC_Gen3_Module","dbcorrdb__TRIM28__ENCSR000EUZ_1__m5",3.18,0.0853,"TRIM28 (directAnnotation). ","",2,343,"IDS;ZFP36L1"
"DC_Gen3_Module","transfac_pro__M02831",3.17,0.0852,"ZNF281 (inferredBy_Orthology). ","CEBPB; CUX1; KLF16; MAZ; PATZ1; PAX4; RBBP5; RCOR1; REST; SUPT20H; TBX15; VEZF1; WT1; ZNF341; ZNF460 (inferredBy_MotifSimilarity). SP1; SP5; ZNF16; ZNF189; ZNF23; ZNF429; ZNF471; ZNF502; ZNF607; ZNF84 (inferredBy_MotifSimilarity_n_Orthology). ",2,254,"HIF1A;ZFP36L1"
"DC_Gen3_Module","transfac_pro__M07643",3.17,0.0852,"SREBF1; SREBF2 (inferredBy_Orthology). ","ARNT; ARNTL; ATF3; BHLHE40; BHLHE41; MLX; MLXIPL; TFE3; TFEB; TFEC; USF1; USF2 (inferredBy_MotifSimilarity). ARNTL2; HELT (inferredBy_MotifSimilarity_n_Orthology). ",3,1144,"PHF20L1;TLR1;ZFP36L1"
"DC_Gen3_Module","flyfactorsurvey__jim_F1-9_SOLEXA_2.5_FBgn0027339",3.17,0.0852,"ZNF229; ZNF319 (inferredBy_Orthology). ","MAFK; SMARCA4; ZNF384 (inferredBy_MotifSimilarity). ZNF362 (inferredBy_MotifSimilarity_n_Orthology). ",3,1144,"F11R;SNX10;ZFP36L1"
"DC_Gen3_Module","swissregulon__hs__BPTF.p2",3.17,0.0851,"BPTF (directAnnotation). ","",3,833,"LOC440926;SNX10;ZFP36L1"
"DC_Gen3_Module","dbcorrdb__HDAC1__ENCSR000AQF_1__m2",3.17,0.0851,"HDAC1 (directAnnotation). ","HDAC2; REST (inferredBy_MotifSimilarity). ",1,53,"ZFP36L1"
"DC_Gen3_Module","transfac_pro__M06560",3.16,0.085,"ZNF502 (directAnnotation). ","",3,623,"PHF20L1;SNX10;ZFP36L1"
"DC_Gen3_Module","dbcorrdb__FOSL1__ENCSR000BMV_1__m1",3.15,0.0848,"FOSL1 (directAnnotation). ","ATF3; BACH2; FOS; FOSB; FOSL2; JDP2; JUN; JUNB; JUND; MEF2A; MYC; RCOR1; SMARCC1; STAT3; TCF7L2 (inferredBy_MotifSimilarity). ",3,603,"F11R;MEFV;SNX10"
"DC_Gen3_Module","cisbp__M1568",3.15,0.0848,"","",2,362,"HIF1A;ZFP36L1"
"DC_Gen3_Module","transfac_pro__M02827",3.14,0.0845,"ZNF35 (inferredBy_Orthology). ","",2,411,"SNX10;ZFP36L1"
"DC_Gen3_Module","transfac_pro__M08993",3.14,0.0845,"ZNF777 (directAnnotation). ","",4,1798,"HIF1A;IDS;LOC440926;LRRK2"
"DC_Gen3_Module","flyfactorsurvey__CG2052_SANGER_2.5_FBgn0039905",3.14,0.0844,"ZNF358; ZNF768 (inferredBy_Orthology). ","FOXP2 (inferredBy_MotifSimilarity_n_Orthology). ",1,53,"ZFP36L1"
"DC_Gen3_Module","predrem__nrMotif759",3.13,0.0842,"","",4,1586,"IDS;PHF20L1;SNX10;ZFP36L1"
"DC_Gen3_Module","cisbp__M5956",3.12,0.0841,"YY2 (directAnnotation). ","",3,857,"LOC440926;LRRK2;SNAP23"
"DC_Gen3_Module","tfdimers__MD00532",3.12,0.0841,"FOXO1; POU5F1 (directAnnotation). ","",8,4070,"CD46;F11R;LOC440926;PHF20L1;SNAP23;SNX10;TLR1;ZFP36L1"
"DC_Gen3_Module","transfac_pro__M09121",3.12,0.0839,"","CEBPZ; CPEB1; IRF3; MAFK; RAD21; SMARCA4; SREBF2 (inferredBy_MotifSimilarity). ",5,2935,"FCGR3B;HIF1A;PHF20L1;SNAP23;ZFP36L1"
"DC_Gen3_Module","cisbp__M1548",3.11,0.0838,"","GMEB1; GMEB2 (inferredBy_MotifSimilarity). ",2,275,"PHF20L1;ZFP36L1"
"DC_Gen3_Module","scertf__morozov.PUT3",3.11,0.0838,"","",2,401,"HIF1A;ZFP36L1"
"DC_Gen3_Module","transfac_pro__M06396",3.11,0.0837,"PRDM4 (inferredBy_Orthology). ","",3,505,"PHF20L1;SNX10;ZFP36L1"
"DC_Gen3_Module","jaspar__MA0335.1",3.1,0.0836,"","",1,53,"ZFP36L1"
"DC_Gen3_Module","cisbp__M5526",3.1,0.0835,"HNF4A (directAnnotation). ","HNF4G (inferredBy_MotifSimilarity). ",2,430,"F11R;LRRK2"
"DC_Gen3_Module","elemento__GATCATC",3.1,0.0835,"","",2,401,"LRRK2;TLR1"
"DC_Gen3_Module","cisbp__M0359",3.09,0.0833,"","ATF6; ATF6B; CREB3; CREB3L1; CREB3L2; CREB3L4; XBP1 (inferredBy_MotifSimilarity). ",1,53,"ZFP36L1"
"DC_Gen3_Module","cisbp__M0292",3.09,0.0832,"XBP1 (inferredBy_Orthology). ","",1,53,"ZFP36L1"
"DC_Gen3_Module","cisbp__M2288",3.09,0.0832,"HSF1 (directAnnotation). ","HOXB2; HSF2; HSF4 (inferredBy_MotifSimilarity). ",2,254,"MEFV;SNAP23"
"DC_Gen3_Module","neph__UW.Motif.0566",3.09,0.0832,"","",1,53,"ZFP36L1"
"DC_Gen3_Module","predrem__nrMotif1963",3.09,0.0832,"","",2,401,"HIF1A;TLR1"
"DC_Gen3_Module","cisbp__M4857",3.08,0.083,"ZNF275 (inferredBy_Orthology). ","",2,358,"HIF1A;PHF20L1"
"DC_Gen3_Module","jaspar__MA0329.1",3.07,0.0829,"","",1,53,"PHF20L1"
"DC_Gen3_Module","cisbp__M4825",3.07,0.0829,"","",3,558,"HIF1A;SNX10;ZFP36L1"
"DC_Gen3_Module","taipale__YY2_full_NCCGCCATNNT",3.07,0.0829,"YY2 (directAnnotation). ","",3,980,"LOC440926;LRRK2;SNAP23"
"DC_Gen3_Module","dbcorrdb__EZH2__ENCSR000ARH_1__m3",3.07,0.0828,"EZH2 (directAnnotation). ","",3,833,"HIF1A;PHF20L1;ZFP36L1"
"DC_Gen3_Module","dbcorrdb__POLR2A__ENCSR000EZQ_1__m2",3.07,0.0828,"POLR2A (directAnnotation). ","BRF1; BRF2; CEBPB; CTCF; ESRRA; EZH2; HDAC2; MXI1; NELFE; POLR3G; RAD21; RBBP5; SMARCA4; SREBF1; SREBF2; SUPT20H; XRCC4; ZBTB7A; ZMIZ1; ZNF274 (inferredBy_MotifSimilarity). ",6,3867,"HIF1A;PHF20L1;RAB33B;SNAP23;SNX10;ZFP36L1"
"DC_Gen3_Module","yetfasco__YKL015W_2065",3.06,0.0827,"","",2,358,"HIF1A;ZFP36L1"
"DC_Gen3_Module","elemento__AATAAAA",3.06,0.0827,"","",2,276,"SNX10;ZFP36L1"
"DC_Gen3_Module","cisbp__M0327",3.06,0.0827,"","CREB3; CREB3L1 (inferredBy_MotifSimilarity). ATF6; ATF6B; CREB3L2 (inferredBy_MotifSimilarity_n_Orthology). ",2,275,"PHF20L1;ZFP36L1"
"DC_Gen3_Module","cisbp__M5048",3.06,0.0827,"ZNF229; ZNF319 (inferredBy_Orthology). ","MAFK; SMARCA4; ZNF384 (inferredBy_MotifSimilarity). ZNF362 (inferredBy_MotifSimilarity_n_Orthology). ",3,1144,"F11R;SNX10;ZFP36L1"
"DC_Gen3_Module","elemento__TCGAACTC",3.06,0.0827,"","",6,2935,"F11R;HIF1A;RAB33B;SNAP23;SNX10;ZFP36L1"
"DC_Gen3_Module","cisbp__M0089",3.06,0.0826,"","",1,53,"PHF20L1"
"DC_Gen3_Module","cisbp__M2352",3.06,0.0826,"","",6,4045,"F11R;FCGR3B;HIF1A;PHF20L1;SNX10;ZFP36L1"
"DC_Gen3_Module","hocomoco__NANOG_MOUSE.H11MO.0.A",3.05,0.0824,"NANOG; NANOGP8 (inferredBy_Orthology). ","BCL11A; EP300; LEF1; POU2F3; POU5F1; POU5F1B; SMAD1; SOX2; TCF7L1 (inferredBy_MotifSimilarity). SOX3 (inferredBy_MotifSimilarity_n_Orthology). ",2,370,"LOC440926;ZFP36L1"
"DC_Gen3_Module","taipale_cyt_meth__USF2_MNCACGTGAYN_eDBD",3.05,0.0823,"USF2 (directAnnotation). ","ATF3; BACH1; BHLHE40; MAX; TFE3; TFEB; TFEC; USF1 (inferredBy_MotifSimilarity). ARNTL (inferredBy_MotifSimilarity_n_Orthology). ",2,276,"PHF20L1;ZFP36L1"
"DC_Gen3_Module","cisbp__M0821",3.05,0.0823,"","",1,53,"ZFP36L1"
"DC_Gen3_Module","bergman__bin",3.04,0.0822,"FOXF1; FOXF2 (inferredBy_Orthology). ","",4,1287,"F11R;LOC347376;MEFV;SNX10"
"DC_Gen3_Module","dbcorrdb__JUND__ENCSR000EGN_1__m1",3.04,0.0821,"JUND (directAnnotation). ","ATF1; ATF3; BACH2; BATF; EP300; FOS; FOSB; FOSL1; FOSL2; JDP2; JUN; JUNB; MEF2A; MYC; RCOR1; SMARCC1; STAT3; TCF7L2 (inferredBy_MotifSimilarity). ",3,1014,"F11R;MEFV;SNX10"
"DC_Gen3_Module","cisbp__M2195",3.04,0.0821,"","",2,297,"PHF20L1;RAB33B"
"DC_Gen3_Module","transfac_pro__M06339",3.04,0.0821,"ZNF425 (directAnnotation). ","",2,430,"MEFV;SNAP23"
"DC_Gen3_Module","cisbp__M0631",3.04,0.0821,"DMRT1 (directAnnotation). ","",2,343,"HIF1A;SNX10"
"DC_Gen3_Module","cisbp__M4236",3.03,0.082,"","",5,2763,"FCGR3B;HIF1A;PHF20L1;RAB33B;SNX10"
"DC_Gen3_Module","transfac_public__M00486",3.03,0.082,"PAX2 (directAnnotation). ","",3,1144,"F11R;HIF1A;ZFP36L1"
"DC_Gen3_Module","transfac_pro__M07723",3.03,0.082,"","FOXC1; FOXC2; FOXD3; FOXF1; FOXF2; FOXG1; FOXH1; FOXJ1; FOXJ2; FOXK1; FOXL1; FOXO3 (inferredBy_MotifSimilarity). FOXJ3; FOXN2; FOXN3; FOXO1; FOXP1; FOXP2; FOXP3; FOXP4 (inferredBy_MotifSimilarity_n_Orthology). ",3,496,"LOC347376;MEFV;SNX10"
"DC_Gen3_Module","cisbp__M6459",3.03,0.082,"RUNX3 (directAnnotation). ","RUNX2 (inferredBy_MotifSimilarity). ",2,358,"F11R;LOC440926"
"DC_Gen3_Module","predrem__nrMotif298",3.03,0.0819,"","",5,1966,"F11R;HIF1A;LRRK2;SNAP23;SNX10"
"DC_Gen3_Module","cisbp__M5865",3.03,0.0819,"SPIC (directAnnotation). ","SPI1; SPIB (inferredBy_MotifSimilarity). ",2,401,"PHF20L1;SNX10"
"DC_Gen3_Module","predrem__nrMotif1986",3.03,0.0819,"","",5,1704,"FCGR3B;HIF1A;LOC440926;SNX10;ZFP36L1"
"DC_Gen3_Module","elemento__TTGACAC",3.03,0.0819,"","",2,275,"PHF20L1;ZFP36L1"
"DC_Gen3_Module","transfac_pro__M01951",3.03,0.0819,"","",1,53,"PHF20L1"
"DC_Gen3_Module","transfac_pro__M06677",3.02,0.0817,"ZNF285 (directAnnotation). ","",4,980,"PHF20L1;RAB33B;SNX10;ZFP36L1"
"DC_Gen3_Module","hocomoco__FOXL1_HUMAN.H11MO.0.D",3.02,0.0816,"FOXL1 (directAnnotation). ","FOXC1; FOXC2; FOXD3; FOXF1; FOXF2; FOXG1; FOXH1; FOXI1; FOXJ1; FOXJ2 (inferredBy_MotifSimilarity). FOXA2; FOXJ3; FOXL2; FOXP1; FOXP2; FOXP3; FOXP4 (inferredBy_MotifSimilarity_n_Orthology). ",3,558,"LOC347376;MEFV;SNX10"
"DC_Gen3_Module","cisbp__M1877",3.02,0.0816,"","",4,1671,"LOC440926;MEFV;SNX10;ZFP36L1"
"DC_Gen3_Module","dbcorrdb__RAD21__ENCSR000EHX_1__m7",3.02,0.0816,"RAD21 (directAnnotation). ","BRF1; BRF2; CEBPB; CREB1; CTCF; CUX1; E2F1; E2F6; EGR1; ELF1; ELK4; ESRRA; EZH2; GABPA; HCFC1; HDAC2; HIC1; IRF1; JUND; KAT2A; KLF16; KLF3; MAX; MAZ; MXI1; MYC; NELFE; NFYB; PBX3; POLR2A; POLR3G; RBBP5; RCOR1; REST; SMARCA4; SP1; SP2; SP3; SP4; SREBF1; SREBF2; SUPT20H; TBX15; WRNIP1; WT1; XRCC4; ZBTB7A; ZBTB7B; ZC3H11A; ZFX; ZMIZ1; ZNF263; ZNF274 (inferredBy_MotifSimilarity). ZFY (inferredBy_MotifSimilarity_n_Orthology). ",2,370,"HIF1A;ZFP36L1"
"DC_Gen3_Module","cisbp__M2328",3.02,0.0816,"","",6,3131,"HIF1A;LRRK2;PHF20L1;RAB33B;SNAP23;ZFP36L1"
"DC_Gen3_Module","transfac_pro__M05867",3.02,0.0816,"ZNF100 (directAnnotation). ","",8,4879,"F11R;LRRK2;PHF20L1;RAB33B;SNAP23;SNX10;TLR1;ZFP36L1"
"DC_Gen3_Module","dbcorrdb__ZNF274__ENCSR000EUI_1__m3",3.02,0.0816,"ZNF274 (directAnnotation). ","SETDB1; TRIM28 (inferredBy_MotifSimilarity). ",4,1671,"LOC347376;PHF20L1;SNAP23;ZFP36L1"
"DC_Gen3_Module","elemento__CGCGCCC",3.01,0.0814,"","",4,1948,"HIF1A;LOC440926;SNX10;ZFP36L1"
"DC_Gen3_Module","transfac_public__M00393",3.01,0.0814,"","MEF2B; MEF2C; MEF2D; SRF (inferredBy_MotifSimilarity). ",2,296,"FCGR3B;PHF20L1"
"DC_Gen3_Module","dbcorrdb__EZH2__ENCSR000ARD_1__m6",3,0.0813,"EZH2 (directAnnotation). ","BRF1; BRF2; CEBPB; CREB1; CTCF; CUX1; E2F6; EGR1; EGR2; EGR3; EGR4; ESRRA; FOS; HDAC2; HIC1; IRF1; KAT2A; KLF16; KLF3; MAX; MAZ; MXI1; MYC; NELFE; NFYB; POLR2A; RAD21; RBBP5; RCOR1; SMARCA4; SP1; SP2; SP3; SP4; SREBF1; SREBF2; SUPT20H; WRNIP1; WT1; XRCC4; ZBTB7A; ZBTB7B; ZC3H11A; ZMIZ1; ZNF263; ZNF274; ZNF460 (inferredBy_MotifSimilarity). ZBTB17; ZNF16; ZNF189; ZNF23; ZNF429; ZNF471; ZNF502; ZNF607; ZNF84 (inferredBy_MotifSimilarity_n_Orthology). ",2,343,"HIF1A;ZFP36L1"
